F:[4, 2, 6, 1, 2, 5, 1, 1, 1, 4, 1, 1, 2, 2, 1, 5, 1, 8, 1, 1, 1, 3, 2, 1, 1, 2, 4, 1, 4, 2, 3, 1, 1, 1, 3, 3, 1, 1, 2, 4, 1, 4, 2, 6, 1, 2, 2, 2, 2, 1]
T:[4, 2, 6, 1, 2, 5, 2, 1, 2, 4, 1, 1, 2, 2, 1, 5, 1, 8, 2, 1, 1, 3, 2, 1, 1, 2, 4, 1, 4, 2, 5, 1, 1, 1, 3, 3, 1, 1, 2, 4, 1, 4, 2, 6, 1, 2, 2, 2, 2, 1]
firstSeleteArray:[11, 7, 5, 0, 1, 8, 1, 1, 1, 2, 1, 1, 1, 1, 1, 2, 1, 4, 1, 0, 1, 2, 1, 1, 1, 4, 1, 1, 10, 1, 3, 1, 0, 0, 2, 1, 0, 1, 1, 4, 1, 2, 1, 3, 1, 0, 1, 0, 0, 0]
firstGenerateArray:[4, 1, 0, 1, 2, 1, 0, 0, 0, 1, 0, 0, 0, 0, 0, 2, 0, 6, 2, 0, 0, 5, 1, 0, 0, 0, 8, 0, 3, 0, 0, 0, 1, 0, 0, 1, 0, 0, 1, 1, 0, 0, 1, 1, 0, 1, 1, 1, 0, 0]
firstExecuteArray:[3, 0, 6, 0, 0, 2, 0, 0, 0, 0, 0, 0, 0, 0, 0, 0, 0, 0, 0, 0, 0, 2, 0, 0, 0, 1, 0, 0, 0, 0, 0, 0, 0, 1, 0, 1, 0, 0, 0, 0, 0, 0, 0, 0, 0, 0, 0, 0, 1, 1]
allSeleteArray:[11, 7, 5, 0, 1, 8, 1, 1, 2, 2, 1, 1, 1, 1, 1, 2, 1, 4, 1, 0, 1, 2, 1, 1, 1, 4, 1, 1, 10, 1, 5, 1, 0, 0, 2, 1, 0, 1, 1, 4, 1, 2, 1, 3, 1, 0, 1, 0, 0, 0]
allGenerateArray:[4, 1, 0, 1, 2, 1, 0, 0, 0, 1, 0, 0, 0, 0, 0, 2, 0, 6, 2, 0, 0, 5, 1, 0, 0, 0, 8, 0, 3, 0, 0, 0, 1, 0, 0, 1, 0, 0, 1, 1, 0, 0, 1, 1, 0, 1, 1, 1, 0, 0]
allExecuteArray:[9, 1, 7, 1, 1, 3, 0, 1, 0, 1, 1, 1, 1, 1, 1, 1, 1, 1, 0, 2, 1, 4, 1, 3, 1, 4, 1, 2, 1, 2, 12, 1, 1, 4, 1, 7, 2, 1, 0, 1, 1, 1, 1, 1, 1, 1, 1, 1, 2, 3]
averageF:2.0
averageT:2.0
averagefirstSelete:1.0
averagefirstGenerate:0.0
averagefirstExecute:0.0
averageallSelete:1.0
averageallGenerate:0.0
averageallExecute:1.0
