F:[30, 27, 5, 12, 17, 7, 9, 6, 7, 7, 27, 1, 4, 13, 7, 1, 11, 2, 7, 10, 2, 14, 14, 16, 20, 5, 2, 12, 5, 11]
T:[30, 27, 5, 12, 17, 7, 9, 6, 7, 7, 27, 1, 4, 13, 7, 1, 11, 2, 7, 10, 2, 14, 14, 16, 20, 5, 2, 12, 5, 11]
firstSeleteArray:[525401, 346271, 27857, 63821, 67348, 28209, 44782, 21157, 29973, 57830, 99438, 5642, 19746, 52892, 21158, 4584, 64530, 9873, 20101, 29620, 5641, 47603, 65590, 56420, 145983, 10931, 6347, 27151, 11284, 23627]
firstGenerateArray:[3798749, 1367096, 132231, 774347, 334988, 169256, 172783, 83217, 122711, 98028, 429840, 15162, 66293, 183012, 108254, 16220, 264814, 424904, 83219, 138580, 23979, 191122, 193234, 234492, 596985, 80396, 21509, 97323, 34557, 68405]
firstExecuteArray:[4423231, 609321, 48307, 238015, 506710, 62061, 112131, 45133, 61708, 57830, 434778, 10932, 43371, 118830, 63469, 13399, 214037, 31383, 56418, 205575, 10932, 90625, 89919, 161148, 125885, 23625, 14810, 59946, 25035, 49364]
allSeleteArray:[525401, 346271, 27857, 63821, 67348, 28209, 44782, 21157, 29973, 57830, 99438, 5642, 19746, 52892, 21158, 4584, 64530, 9873, 20101, 29620, 5641, 47603, 65590, 56420, 145983, 10931, 6347, 27151, 11284, 23627]
allGenerateArray:[3798749, 1367096, 132231, 774347, 334988, 169256, 172783, 83217, 122711, 98028, 429840, 15162, 66293, 183012, 108254, 16220, 264814, 424904, 83219, 138580, 23979, 191122, 193234, 234492, 596985, 80396, 21509, 97323, 34557, 68405]
allExecuteArray:[4423231, 609321, 48307, 238015, 506710, 62061, 112131, 45133, 61708, 57830, 434778, 10932, 43371, 118830, 63469, 13399, 214037, 31383, 56418, 205575, 10932, 90625, 89919, 161148, 125885, 23625, 14810, 59946, 25035, 49364]
averageF:10.0
averageT:10.0
averagefirstSelete:64693.0
averagefirstGenerate:344190.0
averagefirstExecute:266930.0
averageallSelete:64693.0
averageallGenerate:344190.0
averageallExecute:266930.0
