F:[25, 18, 34, 27, 18, 8, 33, 10, 18, 4, 4, 1, 45, 23, 46, 23, 26, 1, 10, 33, 8, 30, 20, 13, 40, 8, 86, 17, 64, 5]
T:[84, 109, 190, 255, 282, 80, 371, 73, 198, 109, 165, 47, 60, 304, 112, 332, 71, 95, 190, 46, 180, 112, 100, 82, 189, 73, 136, 88, 115, 201]
firstSeleteArray:[120950, 112484, 270105, 129413, 53245, 20097, 161851, 87800, 106845, 10579, 15868, 3527, 284213, 111777, 223907, 125887, 129409, 9168, 50072, 313474, 69820, 727452, 124472, 52186, 189354, 44430, 349444, 67348, 400573, 9522]
firstGenerateArray:[204866, 252473, 1291282, 315947, 183360, 44432, 347690, 140342, 433371, 49365, 35616, 4937, 596626, 220387, 640356, 199227, 346274, 6700, 133642, 910463, 138933, 408331, 317005, 134347, 477093, 92036, 798323, 116364, 1705612, 29620]
firstExecuteArray:[63473, 78635, 75109, 52189, 27864, 9874, 41961, 16928, 39842, 8464, 10224, 1058, 69814, 38782, 82853, 21511, 39841, 1410, 15871, 73698, 15161, 52544, 38788, 21865, 69118, 9164, 82509, 19397, 111426, 6349]
allSeleteArray:[333580, 991208, 3814620, 1582910, 1963725, 250358, 3726458, 459106, 995787, 522583, 990853, 223208, 363199, 1557515, 570532, 1994059, 361432, 514110, 1238392, 399866, 1169282, 1258142, 664681, 388585, 1888614, 423852, 565244, 411151, 681962, 791630]
allGenerateArray:[396340, 1294108, 3044853, 1345589, 1568084, 317009, 2016635, 415029, 1642151, 832523, 1696446, 197111, 902695, 1650248, 1116392, 5733551, 551147, 6237104, 1747919, 2662621, 1016596, 1006369, 1059615, 529987, 1282470, 550439, 991912, 368483, 1970776, 1223947]
allExecuteArray:[108608, 212279, 172071, 168195, 267638, 29975, 211920, 47962, 174895, 56063, 188988, 23270, 93794, 197465, 123046, 1522608, 62764, 100496, 208408, 99439, 118827, 119892, 122009, 63116, 148457, 51825, 102257, 52896, 134703, 138218]
averageF:23.0
averageT:148.0
averagefirstSelete:145842.0
averagefirstGenerate:352500.0
averagefirstExecute:39857.0
averageallSelete:1036554.0
averageallGenerate:1512271.0
averageallExecute:170736.0