F:[14, 10, 11, 4, 1, 3, 3, 14, 2, 15, 2, 6, 10, 2, 11, 19, 14, 8, 52, 8, 5, 18, 9, 13, 1, 38, 29, 19, 8, 3]
T:[14, 10, 11, 4, 1, 3, 3, 14, 2, 15, 2, 6, 10, 2, 11, 19, 14, 8, 52, 8, 5, 18, 9, 13, 1, 38, 29, 19, 8, 3]
firstSeleteArray:[119537, 59240, 68055, 20452, 7405, 110371, 17984, 62413, 9521, 584991, 13047, 61001, 33853, 7757, 35968, 57478, 62063, 22568, 165378, 23626, 16925, 50427, 32089, 119893, 8110, 118479, 822655, 34205, 24682, 7758]
firstGenerateArray:[5530805, 337457, 246834, 85687, 20804, 1290581, 69113, 2275443, 52894, 351912, 36319, 98026, 157266, 29268, 1376266, 315594, 275043, 107195, 11878625, 166080, 62412, 167849, 92031, 155859, 22215, 315944, 255292, 141049, 147043, 26798]
firstExecuteArray:[3549799, 150216, 118128, 37729, 16926, 28563, 22215, 114249, 14105, 506361, 71935, 683019, 63826, 11284, 81808, 120599, 1496509, 39141, 1658357, 25740, 19745, 52892, 30324, 50426, 10932, 130115, 264113, 52187, 62767, 12695]
allSeleteArray:[119537, 59240, 68055, 20452, 7405, 110371, 17984, 62413, 9521, 584991, 13047, 61001, 33853, 7757, 35968, 57478, 62063, 22568, 165378, 23626, 16925, 50427, 32089, 119893, 8110, 118479, 822655, 34205, 24682, 7758]
allGenerateArray:[5530805, 337457, 246834, 85687, 20804, 1290581, 69113, 2275443, 52894, 351912, 36319, 98026, 157266, 29268, 1376266, 315594, 275043, 107195, 11878625, 166080, 62412, 167849, 92031, 155859, 22215, 315944, 255292, 141049, 147043, 26798]
allExecuteArray:[3549799, 150216, 118128, 37729, 16926, 28563, 22215, 114249, 14105, 506361, 71935, 683019, 63826, 11284, 81808, 120599, 1496509, 39141, 1658357, 25740, 19745, 52892, 30324, 50426, 10932, 130115, 264113, 52187, 62767, 12695]
averageF:11.0
averageT:11.0
averagefirstSelete:92597.0
averagefirstGenerate:869590.0
averagefirstExecute:316556.0
averageallSelete:92597.0
averageallGenerate:869590.0
averageallExecute:316556.0
