F:[1, 6, 13, 2, 13, 1, 2, 9, 2, 21, 1, 1, 1, 2, 3, 20, 6, 6, 1, 2, 3, 17, 10, 5, 3, 6, 9, 8, 2, 2]
T:[318, 221, 407, 288, 370, 392, 273, 330, 381, 472, 226, 327, 419, 299, 809, 609, 485, 610, 464, 278, 412, 608, 589, 413, 343, 615, 433, 355, 434, 185]
firstSeleteArray:[72287, 64529, 19039, 3878, 18337, 1410, 2468, 8112, 2116, 24331, 2115, 1411, 1411, 1058, 1762, 7758, 3175, 4231, 705, 1058, 1764, 40200, 4230, 2116, 1763, 2116, 4233, 4936, 5994, 704]
firstGenerateArray:[8175436, 1853714, 2021550, 148803, 1723940, 35262, 97677, 664333, 72638, 1664345, 21510, 63120, 29972, 127995, 109310, 1193256, 344156, 341685, 9167, 79696, 262344, 947131, 651634, 220384, 134702, 308893, 512348, 384354, 184425, 83923]
firstExecuteArray:[208750, 416086, 8729036, 1638266, 1427747, 44429, 107901, 469339, 82514, 1309972, 33498, 57478, 29972, 84982, 94856, 528930, 185122, 547609, 6700, 65937, 120244, 5067815, 230259, 149157, 110015, 135760, 135761, 116353, 89563, 49368]
allSeleteArray:[1902031, 336748, 315599, 225318, 351912, 298310, 204524, 199933, 172430, 238719, 129760, 125183, 292324, 54305, 163613, 145629, 123413, 116728, 112138, 67705, 101553, 163945, 123424, 94501, 85326, 159730, 97672, 83217, 110360, 57122]
allGenerateArray:[72101820, 18804737, 18989163, 15947470, 10314058, 17820222, 6312222, 7599983, 5507550, 11274572, 7822119, 22212087, 6692682, 7098889, 16932356, 13931539, 8076006, 8590445, 15928068, 9982268, 18386884, 10431865, 8727995, 9656762, 6586195, 15731693, 7308358, 22084079, 7974104, 14279614]
allExecuteArray:[33043418, 31669986, 24336223, 11237947, 6089710, 7849648, 3895737, 4472242, 3213742, 5426075, 5626689, 2924949, 2215151, 1507102, 2516307, 7479044, 2569544, 2513102, 2547333, 1532468, 17507468, 14939336, 1615700, 1803301, 1654152, 10308417, 1585693, 8817539, 1463721, 882614]
averageF:5.0
averageT:412.0
averagefirstSelete:10308.0
averagefirstGenerate:748923.0
averagefirstExecute:742447.0
averageallSelete:221772.0
averageallGenerate:1.4103526E7
averageallExecute:7441478.0
