F:[13, 9, 9, 119, 8, 43, 15, 4, 25, 19, 21, 74, 94, 16, 88, 10, 69, 40, 26, 66, 76, 12, 13, 111, 41, 30, 59, 8, 11, 75]
T:[121, 149, 267, 184, 110, 54, 76, 169, 51, 123, 155, 79, 403, 40, 330, 168, 194, 433, 45, 94, 149, 163, 148, 193, 101, 122, 211, 108, 136, 78]
firstSeleteArray:[1096991, 150920, 91328, 1541295, 105081, 549730, 185833, 52186, 338162, 192884, 208044, 1257787, 1639308, 143166, 1429865, 104726, 797970, 458754, 285618, 4040300, 841701, 146688, 223912, 1164346, 427374, 381883, 603328, 131526, 137872, 496489]
firstGenerateArray:[24199781, 482733, 445000, 8348213, 278570, 2961980, 348740, 81102, 436191, 570185, 435124, 2570577, 2589281, 235899, 3136886, 154800, 1206665, 747904, 551852, 1341713, 1482754, 298320, 217213, 1738047, 568422, 587456, 971462, 154798, 203815, 1184433]
firstExecuteArray:[10594036, 238722, 203110, 3138657, 107197, 3382311, 251763, 57125, 342747, 858275, 308191, 1272246, 3650647, 162202, 1449959, 135055, 996136, 586047, 2919323, 1009189, 781747, 152331, 329698, 1143542, 371301, 294440, 578296, 67351, 93092, 11034814]
allSeleteArray:[8818611, 20540325, 5688787, 2280030, 1008850, 666801, 1105807, 1989821, 577938, 1847725, 1721473, 1312795, 4926416, 435135, 5898241, 2040935, 2481375, 4397123, 622013, 4280075, 1486992, 1481342, 1672111, 1967959, 1094178, 1126610, 2122409, 1142475, 10374705, 520113]
allGenerateArray:[61531390, 11629677, 4214473, 23886303, 2153439, 10837688, 1392841, 1756393, 654463, 1837841, 2551185, 2630874, 6053756, 546904, 10738255, 1667529, 2327989, 3841430, 692196, 1697862, 2085379, 1769435, 1536002, 2201744, 1143543, 1399888, 2218328, 968286, 1836070, 1206999]
allExecuteArray:[15132919, 1444681, 3439068, 3575200, 848395, 3538523, 781398, 6536112, 510593, 1664360, 1730296, 1347354, 5899644, 371659, 23597523, 1071247, 2375572, 2810009, 3031807, 1248612, 1149877, 1455961, 1101575, 1453488, 730967, 872736, 1339245, 467223, 857568, 11041162]
averageF:40.0
averageT:155.0
averagefirstSelete:640835.0
averagefirstGenerate:1950997.0
averagefirstExecute:1550318.0
averageallSelete:3187639.0
averageallGenerate:5633605.0
averageallExecute:3380825.0
