F:[2, 11, 2, 1, 2, 1, 3, 1, 16, 14, 4, 15, 6, 11, 10, 2, 7, 24, 2, 15, 4, 17, 4, 2, 1, 7, 12, 2, 13, 15]
T:[5, 111, 6, 5, 32, 5, 36, 77, 30, 49, 41, 18, 44, 92, 17, 25, 37, 33, 46, 24, 55, 47, 18, 32, 62, 50, 46, 29, 17, 66]
firstSeleteArray:[5995, 39846, 7052, 8816, 7052, 3526, 9521, 3526, 81457, 125532, 9873, 181951, 17983, 147039, 74403, 9520, 36319, 138223, 15516, 57829, 16925, 93445, 21862, 5289, 2116, 44429, 62767, 13399, 38084, 66292]
firstGenerateArray:[21863, 80048, 11284, 3174, 9521, 2821, 17982, 4584, 187595, 167839, 31029, 242600, 40550, 164318, 86045, 9874, 58889, 249657, 46546, 160439, 24331, 137875, 50071, 21511, 9874, 91328, 154448, 21511, 107902, 128352]
firstExecuteArray:[4232, 17983, 3526, 1058, 2821, 1410, 4231, 1410, 41959, 39499, 7758, 42317, 11636, 76871, 18687, 2469, 8110, 33849, 2469, 17279, 4232, 23271, 4939, 3877, 2115, 8814, 20807, 4231, 14102, 19395]
allSeleteArray:[35968, 760239, 22919, 25742, 195701, 13401, 140339, 430894, 178776, 388585, 207697, 208398, 717934, 782808, 145630, 138578, 187241, 225319, 346269, 122359, 321585, 317711, 88155, 224617, 370950, 331460, 269754, 277862, 57124, 393170]
allGenerateArray:[39143, 536332, 32089, 19395, 191820, 17279, 226374, 353320, 316299, 359665, 233081, 262700, 385409, 631537, 112844, 116014, 240134, 300080, 421382, 544088, 309605, 341689, 126236, 258467, 325114, 380829, 336393, 173840, 126944, 440422]
allExecuteArray:[7404, 106845, 8459, 4230, 33501, 4937, 37378, 65594, 70871, 80753, 45133, 47608, 128705, 249305, 21509, 13047, 22916, 40552, 43721, 22919, 29262, 43020, 13402, 31738, 35257, 40199, 40911, 20100, 16925, 53953]
averageF:7.0
averageT:38.0
averagefirstSelete:44852.0
averagefirstGenerate:78128.0
averagefirstExecute:14845.0
averageallSelete:264239.0
averageallGenerate:271950.0
averageallExecute:46005.0
