F:[27, 4, 12, 26, 1, 12, 16, 10, 5, 5, 12, 3, 2, 1, 1, 13, 1, 11, 20, 5, 3, 10, 8, 2, 13, 5, 1, 3, 3, 1]
T:[27, 4, 12, 26, 1, 12, 16, 10, 5, 5, 12, 3, 2, 1, 1, 13, 1, 11, 20, 5, 3, 10, 8, 2, 13, 5, 1, 3, 3, 1]
firstSeleteArray:[220386, 23272, 55006, 155504, 5642, 65585, 43723, 33146, 18688, 19394, 57123, 31382, 8815, 4936, 4231, 31380, 4232, 24331, 40552, 10579, 7758, 29267, 17278, 5290, 27152, 18689, 408331, 25388, 7052, 1763]
firstGenerateArray:[12277434, 344858, 858979, 2013447, 77928, 820542, 602977, 1035637, 211219, 204518, 788455, 145277, 557841, 43020, 36319, 1777545, 53245, 344154, 504596, 88861, 77223, 1610756, 142105, 31031, 971461, 95911, 28562, 69819, 70524, 12695]
firstExecuteArray:[3556852, 37377, 104373, 660451, 12342, 147746, 88508, 70171, 37378, 37729, 109311, 27151, 45136, 13400, 8463, 90272, 8463, 178425, 244363, 28564, 443241, 921390, 76166, 11285, 363546, 20099, 9873, 19747, 13048, 2821]
allSeleteArray:[220386, 23272, 55006, 155504, 5642, 65585, 43723, 33146, 18688, 19394, 57123, 31382, 8815, 4936, 4231, 31380, 4232, 24331, 40552, 10579, 7758, 29267, 17278, 5290, 27152, 18689, 408331, 25388, 7052, 1763]
allGenerateArray:[12277434, 344858, 858979, 2013447, 77928, 820542, 602977, 1035637, 211219, 204518, 788455, 145277, 557841, 43020, 36319, 1777545, 53245, 344154, 504596, 88861, 77223, 1610756, 142105, 31031, 971461, 95911, 28562, 69819, 70524, 12695]
allExecuteArray:[3556852, 37377, 104373, 660451, 12342, 147746, 88508, 70171, 37378, 37729, 109311, 27151, 45136, 13400, 8463, 90272, 8463, 178425, 244363, 28564, 443241, 921390, 76166, 11285, 363546, 20099, 9873, 19747, 13048, 2821]
averageF:7.0
averageT:7.0
averagefirstSelete:46862.0
averagefirstGenerate:863231.0
averagefirstExecute:246256.0
averageallSelete:46862.0
averageallGenerate:863231.0
averageallExecute:246256.0
F:[9, 19, 2, 4, 3, 10, 3, 2, 7, 9, 2, 9, 6, 8, 8, 3, 23, 8, 1, 2, 11, 10, 27, 2, 2, 4, 6, 3, 4, 9]
T:[9, 19, 2, 4, 3, 10, 3, 2, 7, 9, 2, 9, 6, 8, 8, 3, 23, 8, 1, 2, 11, 10, 27, 2, 2, 4, 6, 3, 4, 9]
firstSeleteArray:[19042, 38435, 5289, 7406, 9169, 21158, 5641, 22920, 8815, 9168, 3526, 8815, 6702, 9522, 7758, 5290, 21159, 14458, 2468, 8109, 11989, 10578, 30326, 3172, 2821, 6348, 8816, 4583, 5290, 9520]
firstGenerateArray:[278216, 295848, 36672, 65236, 65234, 382591, 38083, 27152, 108958, 140694, 37377, 102963, 71933, 98382, 88861, 43371, 259878, 108254, 268342, 29267, 138579, 122359, 439360, 28210, 132583, 79338, 111427, 35262, 55714, 123064]
firstExecuteArray:[39846, 68410, 10227, 17983, 16574, 60297, 10578, 8110, 24683, 31735, 7404, 32443, 19746, 26800, 23980, 15163, 70876, 35615, 10226, 10579, 48309, 35264, 88861, 9168, 9521, 16925, 30325, 11283, 20452, 34557]
allSeleteArray:[19042, 38435, 5289, 7406, 9169, 21158, 5641, 22920, 8815, 9168, 3526, 8815, 6702, 9522, 7758, 5290, 21159, 14458, 2468, 8109, 11989, 10578, 30326, 3172, 2821, 6348, 8816, 4583, 5290, 9520]
allGenerateArray:[278216, 295848, 36672, 65236, 65234, 382591, 38083, 27152, 108958, 140694, 37377, 102963, 71933, 98382, 88861, 43371, 259878, 108254, 268342, 29267, 138579, 122359, 439360, 28210, 132583, 79338, 111427, 35262, 55714, 123064]
allExecuteArray:[39846, 68410, 10227, 17983, 16574, 60297, 10578, 8110, 24683, 31735, 7404, 32443, 19746, 26800, 23980, 15163, 70876, 35615, 10226, 10579, 48309, 35264, 88861, 9168, 9521, 16925, 30325, 11283, 20452, 34557]
averageF:7.0
averageT:7.0
averagefirstSelete:10943.0
averagefirstGenerate:127106.0
averagefirstExecute:28198.0
averageallSelete:10943.0
averageallGenerate:127106.0
averageallExecute:28198.0
F:[12, 20, 3, 1, 6, 19, 6, 2, 2, 7, 3, 5, 6, 1, 21, 1, 44, 3, 9, 7, 2, 7, 4, 5, 4, 1, 1, 7, 4, 1]
T:[12, 20, 3, 1, 6, 19, 6, 2, 2, 7, 3, 5, 6, 1, 21, 1, 44, 3, 9, 7, 2, 7, 4, 5, 4, 1, 1, 7, 4, 1]
firstSeleteArray:[38788, 19041, 9521, 18336, 33147, 30327, 6700, 2822, 4937, 7053, 3526, 5289, 10932, 4585, 21154, 2116, 46546, 5993, 11989, 6697, 3526, 10226, 9873, 8108, 4584, 3879, 2116, 15164, 6700, 2821]
firstGenerateArray:[126943, 206281, 46898, 57830, 240837, 4072029, 65234, 26095, 24683, 84628, 30677, 58182, 89918, 21510, 251769, 14458, 3910176, 67702, 190767, 79693, 23273, 110017, 91680, 59239, 47602, 22920, 14458, 88508, 53598, 14105]
firstExecuteArray:[36673, 54656, 17278, 7758, 32793, 96972, 18690, 8815, 7758, 24331, 10226, 14459, 35262, 10579, 62062, 4232, 175252, 19747, 44077, 27151, 9168, 24683, 22919, 19395, 13048, 8816, 4937, 699592, 21157, 6699]
allSeleteArray:[38788, 19041, 9521, 18336, 33147, 30327, 6700, 2822, 4937, 7053, 3526, 5289, 10932, 4585, 21154, 2116, 46546, 5993, 11989, 6697, 3526, 10226, 9873, 8108, 4584, 3879, 2116, 15164, 6700, 2821]
allGenerateArray:[126943, 206281, 46898, 57830, 240837, 4072029, 65234, 26095, 24683, 84628, 30677, 58182, 89918, 21510, 251769, 14458, 3910176, 67702, 190767, 79693, 23273, 110017, 91680, 59239, 47602, 22920, 14458, 88508, 53598, 14105]
allExecuteArray:[36673, 54656, 17278, 7758, 32793, 96972, 18690, 8815, 7758, 24331, 10226, 14459, 35262, 10579, 62062, 4232, 175252, 19747, 44077, 27151, 9168, 24683, 22919, 19395, 13048, 8816, 4937, 699592, 21157, 6699]
averageF:7.0
averageT:7.0
averagefirstSelete:11883.0
averagefirstGenerate:339723.0
averagefirstExecute:51306.0
averageallSelete:11883.0
averageallGenerate:339723.0
averageallExecute:51306.0
F:[2, 16, 13, 15, 2, 7, 3, 1, 5, 5, 1, 7, 2, 6, 6, 3, 7, 10, 18, 10, 16, 28, 12, 2, 7, 6, 1, 7, 3, 35]
T:[2, 16, 13, 15, 2, 7, 3, 1, 5, 5, 1, 7, 2, 6, 6, 3, 7, 10, 18, 10, 16, 28, 12, 2, 7, 6, 1, 7, 3, 35]
firstSeleteArray:[4937, 21156, 13048, 22919, 4937, 7409, 4231, 6347, 7054, 321586, 2469, 15866, 7052, 12342, 6346, 10931, 6346, 10227, 90620, 10577, 20452, 25743, 14457, 3173, 10227, 14105, 2116, 9170, 5290, 37026]
firstGenerateArray:[55714, 198169, 144221, 848399, 33146, 74050, 30677, 44430, 56419, 55009, 15162, 84981, 37377, 71936, 62061, 37731, 68055, 92035, 167843, 94499, 143871, 852632, 128352, 25389, 503186, 70171, 14457, 70875, 32793, 320886]
firstExecuteArray:[13400, 201696, 43726, 2149909, 11284, 27152, 9873, 10225, 18689, 21510, 5994, 37376, 14810, 35966, 21157, 13752, 19040, 27152, 47252, 26446, 64527, 245780, 46899, 8463, 49720, 25389, 4584, 17983, 9520, 231315]
allSeleteArray:[4937, 21156, 13048, 22919, 4937, 7409, 4231, 6347, 7054, 321586, 2469, 15866, 7052, 12342, 6346, 10931, 6346, 10227, 90620, 10577, 20452, 25743, 14457, 3173, 10227, 14105, 2116, 9170, 5290, 37026]
allGenerateArray:[55714, 198169, 144221, 848399, 33146, 74050, 30677, 44430, 56419, 55009, 15162, 84981, 37377, 71936, 62061, 37731, 68055, 92035, 167843, 94499, 143871, 852632, 128352, 25389, 503186, 70171, 14457, 70875, 32793, 320886]
allExecuteArray:[13400, 201696, 43726, 2149909, 11284, 27152, 9873, 10225, 18689, 21510, 5994, 37376, 14810, 35966, 21157, 13752, 19040, 27152, 47252, 26446, 64527, 245780, 46899, 8463, 49720, 25389, 4584, 17983, 9520, 231315]
averageF:8.0
averageT:8.0
averagefirstSelete:24271.0
averagefirstGenerate:147817.0
averagefirstExecute:115352.0
averageallSelete:24271.0
averageallGenerate:147817.0
averageallExecute:115352.0
F:[4, 1, 1, 8, 4, 2, 10, 11, 4, 8, 2, 12, 5, 9, 13, 4, 1, 2, 8, 3, 25, 5, 5, 24, 10, 7, 4, 2, 18, 13]
T:[4, 1, 1, 8, 4, 2, 10, 11, 4, 8, 2, 12, 5, 9, 13, 4, 1, 2, 8, 3, 25, 5, 5, 24, 10, 7, 4, 2, 18, 13]
firstSeleteArray:[8110, 2821, 2468, 8111, 6346, 4937, 8817, 15162, 5643, 12344, 7052, 28562, 14812, 13751, 9873, 6700, 1763, 3174, 7052, 4937, 24328, 9519, 5642, 37025, 14457, 8815, 4231, 2821, 29267, 20101]
firstGenerateArray:[62413, 16220, 15163, 85687, 48309, 23273, 106841, 139284, 45488, 104373, 35262, 1283883, 81806, 84980, 117422, 38436, 9873, 22567, 80397, 29267, 230613, 47250, 55360, 251058, 238015, 75460, 47956, 22568, 200638, 172428]
firstExecuteArray:[23274, 7052, 5994, 24683, 14809, 7758, 32090, 37730, 16220, 38082, 26446, 46193, 16926, 22568, 35260, 11636, 4232, 7405, 26447, 10931, 73347, 19043, 22216, 75814, 40198, 20804, 13753, 7052, 69113, 48662]
allSeleteArray:[8110, 2821, 2468, 8111, 6346, 4937, 8817, 15162, 5643, 12344, 7052, 28562, 14812, 13751, 9873, 6700, 1763, 3174, 7052, 4937, 24328, 9519, 5642, 37025, 14457, 8815, 4231, 2821, 29267, 20101]
allGenerateArray:[62413, 16220, 15163, 85687, 48309, 23273, 106841, 139284, 45488, 104373, 35262, 1283883, 81806, 84980, 117422, 38436, 9873, 22567, 80397, 29267, 230613, 47250, 55360, 251058, 238015, 75460, 47956, 22568, 200638, 172428]
allExecuteArray:[23274, 7052, 5994, 24683, 14809, 7758, 32090, 37730, 16220, 38082, 26446, 46193, 16926, 22568, 35260, 11636, 4232, 7405, 26447, 10931, 73347, 19043, 22216, 75814, 40198, 20804, 13753, 7052, 69113, 48662]
averageF:7.0
averageT:7.0
averagefirstSelete:10954.0
averagefirstGenerate:125743.0
averagefirstExecute:26857.0
averageallSelete:10954.0
averageallGenerate:125743.0
averageallExecute:26857.0
F:[16, 16, 13, 2, 4, 7, 1, 31, 17, 2, 8, 8, 9, 2, 1, 14, 4, 2, 4, 20, 1, 16, 10, 16, 3, 3, 2, 7, 2, 2]
T:[16, 16, 13, 2, 4, 7, 1, 31, 17, 2, 8, 8, 9, 2, 1, 14, 4, 2, 4, 20, 1, 16, 10, 16, 3, 3, 2, 7, 2, 2]
firstSeleteArray:[17280, 19042, 9165, 2820, 3880, 40903, 2116, 56764, 15516, 3174, 8111, 8463, 12343, 3527, 2115, 13402, 8463, 2821, 4231, 12340, 1058, 12343, 11285, 14457, 3526, 2823, 2469, 4937, 3173, 4231]
firstGenerateArray:[186885, 163966, 119893, 19394, 40198, 64529, 11284, 1632970, 171374, 21156, 160441, 85332, 707703, 21863, 46193, 135407, 40198, 21510, 27150, 111073, 9520, 174195, 145987, 235198, 27856, 50071, 23978, 66291, 24330, 20452]
firstExecuteArray:[47958, 143869, 35261, 6700, 14810, 19041, 4231, 107547, 50426, 7405, 26445, 27506, 960881, 6700, 5995, 46545, 12694, 9168, 8110, 29976, 3174, 45836, 41962, 46193, 9874, 10578, 9521, 18335, 7405, 8463]
allSeleteArray:[17280, 19042, 9165, 2820, 3880, 40903, 2116, 56764, 15516, 3174, 8111, 8463, 12343, 3527, 2115, 13402, 8463, 2821, 4231, 12340, 1058, 12343, 11285, 14457, 3526, 2823, 2469, 4937, 3173, 4231]
allGenerateArray:[186885, 163966, 119893, 19394, 40198, 64529, 11284, 1632970, 171374, 21156, 160441, 85332, 707703, 21863, 46193, 135407, 40198, 21510, 27150, 111073, 9520, 174195, 145987, 235198, 27856, 50071, 23978, 66291, 24330, 20452]
allExecuteArray:[47958, 143869, 35261, 6700, 14810, 19041, 4231, 107547, 50426, 7405, 26445, 27506, 960881, 6700, 5995, 46545, 12694, 9168, 8110, 29976, 3174, 45836, 41962, 46193, 9874, 10578, 9521, 18335, 7405, 8463]
averageF:8.0
averageT:8.0
averagefirstSelete:10225.0
averagefirstGenerate:152213.0
averagefirstExecute:59086.0
averageallSelete:10225.0
averageallGenerate:152213.0
averageallExecute:59086.0
F:[5, 3, 3, 1, 8, 1, 4, 3, 2, 7, 6, 2, 14, 8, 4, 14, 3, 8, 13, 4, 7, 12, 2, 5, 13, 12, 3, 6, 2, 17]
T:[5, 3, 3, 1, 8, 1, 4, 3, 2, 7, 6, 2, 14, 8, 4, 14, 3, 8, 13, 4, 7, 12, 2, 5, 13, 12, 3, 6, 2, 17]
firstSeleteArray:[7406, 4232, 4936, 2115, 11990, 2468, 4583, 3880, 2822, 7406, 6699, 2821, 16219, 8111, 4584, 10226, 2821, 7757, 10932, 4584, 33147, 9519, 3878, 5290, 14810, 10930, 3174, 5641, 2470, 18336]
firstGenerateArray:[85685, 58887, 36319, 13752, 930558, 10931, 38082, 46898, 20451, 64881, 61355, 21510, 117419, 2172830, 36672, 131175, 24331, 64177, 107549, 33146, 66645, 118835, 21510, 47250, 142810, 100849, 24684, 61002, 16573, 134702]
firstExecuteArray:[39139, 14458, 14104, 4937, 40199, 4937, 12342, 10579, 8110, 28209, 17631, 7758, 40198, 36319, 12342, 37377, 8463, 23272, 35264, 14458, 28209, 34556, 9873, 15162, 45842, 41254, 11285, 21862, 8110, 58887]
allSeleteArray:[7406, 4232, 4936, 2115, 11990, 2468, 4583, 3880, 2822, 7406, 6699, 2821, 16219, 8111, 4584, 10226, 2821, 7757, 10932, 4584, 33147, 9519, 3878, 5290, 14810, 10930, 3174, 5641, 2470, 18336]
allGenerateArray:[85685, 58887, 36319, 13752, 930558, 10931, 38082, 46898, 20451, 64881, 61355, 21510, 117419, 2172830, 36672, 131175, 24331, 64177, 107549, 33146, 66645, 118835, 21510, 47250, 142810, 100849, 24684, 61002, 16573, 134702]
allExecuteArray:[39139, 14458, 14104, 4937, 40199, 4937, 12342, 10579, 8110, 28209, 17631, 7758, 40198, 36319, 12342, 37377, 8463, 23272, 35264, 14458, 28209, 34556, 9873, 15162, 45842, 41254, 11285, 21862, 8110, 58887]
averageF:6.0
averageT:6.0
averagefirstSelete:7792.0
averagefirstGenerate:160382.0
averagefirstExecute:22837.0
averageallSelete:7792.0
averageallGenerate:160382.0
averageallExecute:22837.0
F:[8, 5, 16, 11, 5, 4, 17, 1, 9, 1, 1, 1, 8, 3, 1, 1, 9, 13, 9, 3, 7, 15, 22, 6, 2, 7, 5, 2, 17, 8]
T:[8, 5, 16, 11, 5, 4, 17, 1, 9, 1, 1, 1, 8, 3, 1, 1, 9, 13, 9, 3, 7, 15, 22, 6, 2, 7, 5, 2, 17, 8]
firstSeleteArray:[13048, 5996, 11636, 9172, 4585, 4232, 17981, 2821, 10580, 1411, 4231, 1763, 6702, 5995, 1763, 3526, 9873, 11285, 9873, 4584, 7405, 17279, 28915, 5994, 3173, 5641, 7757, 2469, 12693, 13046]
firstGenerateArray:[86743, 34556, 115305, 114952, 45135, 32088, 4592138, 10226, 68761, 9168, 8463, 8463, 62060, 30677, 9520, 14105, 73697, 94148, 84980, 30678, 73696, 135406, 181246, 47602, 16219, 57831, 39846, 17277, 144926, 59592]
firstExecuteArray:[28210, 14105, 41957, 30325, 15867, 11987, 66292, 5642, 29972, 4584, 4584, 4584, 26799, 16926, 4231, 11284, 27856, 37025, 38787, 13753, 20453, 45487, 65236, 18336, 6700, 25037, 14811, 6699, 49014, 25037]
allSeleteArray:[13048, 5996, 11636, 9172, 4585, 4232, 17981, 2821, 10580, 1411, 4231, 1763, 6702, 5995, 1763, 3526, 9873, 11285, 9873, 4584, 7405, 17279, 28915, 5994, 3173, 5641, 7757, 2469, 12693, 13046]
allGenerateArray:[86743, 34556, 115305, 114952, 45135, 32088, 4592138, 10226, 68761, 9168, 8463, 8463, 62060, 30677, 9520, 14105, 73697, 94148, 84980, 30678, 73696, 135406, 181246, 47602, 16219, 57831, 39846, 17277, 144926, 59592]
allExecuteArray:[28210, 14105, 41957, 30325, 15867, 11987, 66292, 5642, 29972, 4584, 4584, 4584, 26799, 16926, 4231, 11284, 27856, 37025, 38787, 13753, 20453, 45487, 65236, 18336, 6700, 25037, 14811, 6699, 49014, 25037]
averageF:7.0
averageT:7.0
averagefirstSelete:8180.0
averagefirstGenerate:209983.0
averagefirstExecute:23719.0
averageallSelete:8180.0
averageallGenerate:209983.0
averageallExecute:23719.0
F:[24, 1, 8, 6, 5, 6, 15, 11, 1, 4, 4, 5, 2, 12, 2, 10, 1, 11, 21, 6, 14, 1, 2, 1, 4, 12, 14, 13, 11, 2]
T:[24, 1, 8, 6, 5, 6, 15, 11, 1, 4, 4, 5, 2, 12, 2, 10, 1, 11, 21, 6, 14, 1, 2, 1, 4, 12, 14, 13, 11, 2]
firstSeleteArray:[24330, 5289, 7759, 5995, 5289, 5290, 13398, 10579, 2115, 4584, 4232, 4231, 15164, 11635, 4231, 9167, 3526, 9168, 17986, 13751, 14459, 1763, 2468, 1410, 4231, 9876, 8108, 6701, 8462, 2469]
firstGenerateArray:[180543, 9521, 56417, 39847, 38081, 43724, 111074, 86042, 8815, 29620, 30677, 35969, 26800, 117775, 29973, 112133, 15515, 84277, 145627, 49718, 139638, 7757, 15514, 7758, 35968, 85336, 69816, 58534, 117070, 17984]
firstExecuteArray:[68052, 5642, 22922, 15867, 15868, 16574, 46196, 32089, 6699, 15517, 11637, 15162, 11989, 35966, 15163, 33851, 9521, 36320, 58532, 19746, 41959, 4231, 7758, 4585, 15515, 65589, 25034, 19041, 34557, 8816]
allSeleteArray:[24330, 5289, 7759, 5995, 5289, 5290, 13398, 10579, 2115, 4584, 4232, 4231, 15164, 11635, 4231, 9167, 3526, 9168, 17986, 13751, 14459, 1763, 2468, 1410, 4231, 9876, 8108, 6701, 8462, 2469]
allGenerateArray:[180543, 9521, 56417, 39847, 38081, 43724, 111074, 86042, 8815, 29620, 30677, 35969, 26800, 117775, 29973, 112133, 15515, 84277, 145627, 49718, 139638, 7757, 15514, 7758, 35968, 85336, 69816, 58534, 117070, 17984]
allExecuteArray:[68052, 5642, 22922, 15867, 15868, 16574, 46196, 32089, 6699, 15517, 11637, 15162, 11989, 35966, 15163, 33851, 9521, 36320, 58532, 19746, 41959, 4231, 7758, 4585, 15515, 65589, 25034, 19041, 34557, 8816]
averageF:7.0
averageT:7.0
averagefirstSelete:7922.0
averagefirstGenerate:60250.0
averagefirstExecute:24013.0
averageallSelete:7922.0
averageallGenerate:60250.0
averageallExecute:24013.0
F:[2, 8, 11, 23, 5, 5, 4, 1, 8, 6, 5, 1, 2, 5, 15, 10, 17, 5, 19, 3, 1, 2, 20, 3, 29, 2, 13, 6, 4, 3]
T:[2, 8, 11, 23, 5, 5, 4, 1, 8, 6, 5, 1, 2, 5, 15, 10, 17, 5, 19, 3, 1, 2, 20, 3, 29, 2, 13, 6, 4, 3]
firstSeleteArray:[4585, 10224, 9872, 27506, 8462, 6346, 5290, 1764, 8463, 4936, 6348, 2116, 2469, 3174, 11989, 4936, 9167, 5642, 19392, 10579, 4232, 4231, 9520, 2467, 20449, 3527, 8814, 6347, 4583, 3173]
firstGenerateArray:[23272, 62060, 77223, 323704, 47957, 41962, 32088, 7758, 64882, 42315, 47251, 10226, 10225, 23625, 83217, 49012, 74401, 34557, 152334, 31383, 11636, 12342, 98029, 14106, 148805, 18689, 90273, 48660, 30325, 21157]
firstExecuteArray:[14105, 23978, 32086, 330757, 19747, 101906, 15868, 4936, 162203, 16926, 31382, 5289, 4936, 7759, 26801, 15161, 26798, 49368, 73699, 18336, 7405, 5289, 34197, 7053, 67699, 7757, 41609, 22919, 14457, 9521]
allSeleteArray:[4585, 10224, 9872, 27506, 8462, 6346, 5290, 1764, 8463, 4936, 6348, 2116, 2469, 3174, 11989, 4936, 9167, 5642, 19392, 10579, 4232, 4231, 9520, 2467, 20449, 3527, 8814, 6347, 4583, 3173]
allGenerateArray:[23272, 62060, 77223, 323704, 47957, 41962, 32088, 7758, 64882, 42315, 47251, 10226, 10225, 23625, 83217, 49012, 74401, 34557, 152334, 31383, 11636, 12342, 98029, 14106, 148805, 18689, 90273, 48660, 30325, 21157]
allExecuteArray:[14105, 23978, 32086, 330757, 19747, 101906, 15868, 4936, 162203, 16926, 31382, 5289, 4936, 7759, 26801, 15161, 26798, 49368, 73699, 18336, 7405, 5289, 34197, 7053, 67699, 7757, 41609, 22919, 14457, 9521]
averageF:7.0
averageT:7.0
averagefirstSelete:7686.0
averagefirstGenerate:57782.0
averagefirstExecute:39998.0
averageallSelete:7686.0
averageallGenerate:57782.0
averageallExecute:39998.0
F:[3, 1, 5, 12, 1, 2, 11, 3, 1, 10, 10, 8, 4, 4, 1, 2, 5, 1, 3, 22, 6, 7, 4, 2, 17, 10, 1, 10, 10, 1]
T:[3, 1, 5, 12, 1, 2, 11, 3, 1, 10, 10, 8, 4, 4, 1, 2, 5, 1, 3, 22, 6, 7, 4, 2, 17, 10, 1, 10, 10, 1]
firstSeleteArray:[6347, 2116, 4583, 6699, 1411, 4231, 8111, 2822, 2468, 8814, 7052, 9166, 7405, 5643, 2468, 3173, 7756, 1410, 3877, 19039, 6701, 9168, 4585, 2469, 13399, 8815, 1763, 10581, 9521, 6347]
firstGenerateArray:[32793, 10931, 25387, 57828, 11284, 10931, 62767, 19393, 8816, 65939, 56770, 63470, 32442, 189002, 13047, 16221, 37377, 9168, 25742, 153742, 49013, 57125, 28562, 17632, 124122, 71934, 7757, 80398, 81809, 7757]
firstExecuteArray:[35967, 4936, 9169, 16576, 4584, 4936, 24682, 9169, 4937, 30676, 32440, 37024, 19041, 256001, 5994, 8815, 21157, 5642, 19746, 79341, 25742, 33147, 15868, 10225, 48309, 36322, 4936, 100144, 37730, 3879]
allSeleteArray:[6347, 2116, 4583, 6699, 1411, 4231, 8111, 2822, 2468, 8814, 7052, 9166, 7405, 5643, 2468, 3173, 7756, 1410, 3877, 19039, 6701, 9168, 4585, 2469, 13399, 8815, 1763, 10581, 9521, 6347]
allGenerateArray:[32793, 10931, 25387, 57828, 11284, 10931, 62767, 19393, 8816, 65939, 56770, 63470, 32442, 189002, 13047, 16221, 37377, 9168, 25742, 153742, 49013, 57125, 28562, 17632, 124122, 71934, 7757, 80398, 81809, 7757]
allExecuteArray:[35967, 4936, 9169, 16576, 4584, 4936, 24682, 9169, 4937, 30676, 32440, 37024, 19041, 256001, 5994, 8815, 21157, 5642, 19746, 79341, 25742, 33147, 15868, 10225, 48309, 36322, 4936, 100144, 37730, 3879]
averageF:5.0
averageT:5.0
averagefirstSelete:6264.0
averagefirstGenerate:47638.0
averagefirstExecute:31571.0
averageallSelete:6264.0
averageallGenerate:47638.0
averageallExecute:31571.0
F:[6, 18, 6, 1, 7, 5, 2, 6, 21, 1, 8, 13, 2, 7, 1, 2, 7, 1, 12, 7, 8, 2, 2, 4, 10, 21, 45, 4, 2, 3]
T:[6, 18, 6, 1, 7, 5, 2, 6, 21, 1, 8, 13, 2, 7, 1, 2, 7, 1, 12, 7, 8, 2, 2, 4, 10, 21, 45, 4, 2, 3]
firstSeleteArray:[7406, 10227, 5994, 1410, 10932, 7054, 2117, 7404, 22214, 1763, 8110, 15868, 3527, 8111, 1763, 4937, 8816, 2115, 11990, 7755, 8111, 2821, 3526, 5290, 11990, 49014, 44082, 5994, 4937, 9520]
firstGenerateArray:[38436, 93092, 59239, 10226, 57829, 36671, 14104, 108252, 183716, 9520, 66998, 96969, 15163, 74754, 9168, 19746, 57478, 9874, 87098, 55010, 59947, 16220, 18689, 30326, 75463, 157269, 325113, 30678, 16221, 33498]
firstExecuteArray:[17278, 37729, 29618, 7405, 31736, 22214, 6348, 37376, 104372, 5289, 27151, 46899, 8463, 27855, 5289, 10579, 32442, 4584, 56770, 35262, 38788, 11284, 12695, 20804, 44783, 68758, 160092, 13048, 7405, 9874]
allSeleteArray:[7406, 10227, 5994, 1410, 10932, 7054, 2117, 7404, 22214, 1763, 8110, 15868, 3527, 8111, 1763, 4937, 8816, 2115, 11990, 7755, 8111, 2821, 3526, 5290, 11990, 49014, 44082, 5994, 4937, 9520]
allGenerateArray:[38436, 93092, 59239, 10226, 57829, 36671, 14104, 108252, 183716, 9520, 66998, 96969, 15163, 74754, 9168, 19746, 57478, 9874, 87098, 55010, 59947, 16220, 18689, 30326, 75463, 157269, 325113, 30678, 16221, 33498]
allExecuteArray:[17278, 37729, 29618, 7405, 31736, 22214, 6348, 37376, 104372, 5289, 27151, 46899, 8463, 27855, 5289, 10579, 32442, 4584, 56770, 35262, 38788, 11284, 12695, 20804, 44783, 68758, 160092, 13048, 7405, 9874]
averageF:7.0
averageT:7.0
averagefirstSelete:9826.0
averagefirstGenerate:62225.0
averagefirstExecute:31406.0
averageallSelete:9826.0
averageallGenerate:62225.0
averageallExecute:31406.0
F:[1, 6, 3, 1, 6, 9, 9, 10, 19, 16, 4, 13, 12, 9, 8, 4, 14, 2, 10, 3, 26, 9, 3, 3, 1, 1, 4, 8, 6, 2]
T:[1, 6, 3, 1, 6, 9, 9, 10, 19, 16, 4, 13, 12, 9, 8, 4, 14, 2, 10, 3, 26, 9, 3, 3, 1, 1, 4, 8, 6, 2]
firstSeleteArray:[2821, 60297, 6347, 1411, 9167, 10580, 7756, 10223, 15161, 22569, 6348, 10929, 9875, 8112, 8111, 4584, 11283, 2469, 7757, 3527, 23274, 8815, 4231, 5289, 1764, 1410, 14810, 9167, 6347, 2820]
firstGenerateArray:[14810, 119888, 30326, 8110, 46546, 64884, 69114, 80749, 134697, 139990, 31735, 101202, 92034, 60999, 84982, 30326, 98029, 16221, 78986, 22567, 228143, 73697, 21862, 26798, 9168, 9168, 37730, 69818, 51130, 15868]
firstExecuteArray:[10225, 71935, 16221, 4936, 24331, 34908, 32794, 43726, 67349, 72637, 17983, 35612, 34556, 28209, 44076, 15162, 43019, 8463, 26447, 9873, 112837, 36674, 10578, 8815, 4231, 4232, 16571, 141752, 19042, 8463]
allSeleteArray:[2821, 60297, 6347, 1411, 9167, 10580, 7756, 10223, 15161, 22569, 6348, 10929, 9875, 8112, 8111, 4584, 11283, 2469, 7757, 3527, 23274, 8815, 4231, 5289, 1764, 1410, 14810, 9167, 6347, 2820]
allGenerateArray:[14810, 119888, 30326, 8110, 46546, 64884, 69114, 80749, 134697, 139990, 31735, 101202, 92034, 60999, 84982, 30326, 98029, 16221, 78986, 22567, 228143, 73697, 21862, 26798, 9168, 9168, 37730, 69818, 51130, 15868]
allExecuteArray:[10225, 71935, 16221, 4936, 24331, 34908, 32794, 43726, 67349, 72637, 17983, 35612, 34556, 28209, 44076, 15162, 43019, 8463, 26447, 9873, 112837, 36674, 10578, 8815, 4231, 4232, 16571, 141752, 19042, 8463]
averageF:7.0
averageT:7.0
averagefirstSelete:9908.0
averagefirstGenerate:62319.0
averagefirstExecute:33521.0
averageallSelete:9908.0
averageallGenerate:62319.0
averageallExecute:33521.0
F:[1, 15, 2, 8, 1, 8, 3, 3, 1, 33, 51, 8, 2, 3, 5, 11, 4, 6, 1, 21, 4, 1, 4, 15, 2, 17, 10, 5, 3, 1]
T:[1, 15, 2, 8, 1, 8, 3, 3, 1, 33, 51, 8, 2, 3, 5, 11, 4, 6, 1, 21, 4, 1, 4, 15, 2, 17, 10, 5, 3, 1]
firstSeleteArray:[3173, 12692, 3879, 7758, 1763, 11989, 3175, 9522, 2115, 20097, 31388, 8462, 2821, 4231, 4936, 9872, 6349, 6345, 1410, 16222, 4230, 1763, 3879, 12696, 3173, 15514, 7757, 5290, 2821, 1763]
firstGenerateArray:[15516, 98025, 20451, 61709, 9168, 64177, 25035, 90270, 10931, 220033, 324760, 59239, 18688, 82865, 35968, 88153, 31737, 46547, 10226, 144929, 27857, 7758, 33851, 102965, 17631, 186181, 69116, 37377, 20451, 7757]
firstExecuteArray:[9521, 55360, 10579, 31734, 6700, 30677, 11989, 88507, 4936, 73343, 114251, 20100, 5995, 13046, 12341, 38788, 18337, 23274, 4937, 54655, 12341, 4232, 13751, 35617, 10578, 66999, 25388, 15869, 8111, 3526]
allSeleteArray:[3173, 12692, 3879, 7758, 1763, 11989, 3175, 9522, 2115, 20097, 31388, 8462, 2821, 4231, 4936, 9872, 6349, 6345, 1410, 16222, 4230, 1763, 3879, 12696, 3173, 15514, 7757, 5290, 2821, 1763]
allGenerateArray:[15516, 98025, 20451, 61709, 9168, 64177, 25035, 90270, 10931, 220033, 324760, 59239, 18688, 82865, 35968, 88153, 31737, 46547, 10226, 144929, 27857, 7758, 33851, 102965, 17631, 186181, 69116, 37377, 20451, 7757]
allExecuteArray:[9521, 55360, 10579, 31734, 6700, 30677, 11989, 88507, 4936, 73343, 114251, 20100, 5995, 13046, 12341, 38788, 18337, 23274, 4937, 54655, 12341, 4232, 13751, 35617, 10578, 66999, 25388, 15869, 8111, 3526]
averageF:8.0
averageT:8.0
averagefirstSelete:7569.0
averagefirstGenerate:65645.0
averagefirstExecute:27516.0
averageallSelete:7569.0
averageallGenerate:65645.0
averageallExecute:27516.0
F:[4, 5, 12, 8, 10, 1, 34, 4, 11, 13, 7, 1, 10, 6, 1, 22, 8, 6, 10, 25, 12, 1, 1, 24, 5, 3, 10, 17, 7, 1]
T:[4, 5, 12, 8, 10, 1, 34, 4, 11, 13, 7, 1, 10, 6, 1, 22, 8, 6, 10, 25, 12, 1, 1, 24, 5, 3, 10, 17, 7, 1]
firstSeleteArray:[8464, 5641, 10227, 7403, 6348, 4937, 27148, 13400, 15517, 9520, 5993, 1764, 9872, 11636, 2116, 19394, 7052, 8463, 14457, 697478, 11285, 3526, 1763, 26800, 10227, 4937, 8816, 16924, 5640, 1410]
firstGenerateArray:[35966, 32440, 80749, 65939, 70170, 18336, 225326, 124475, 90976, 84979, 53245, 6699, 99791, 39845, 10931, 152683, 55362, 59592, 71583, 183358, 83569, 9168, 7757, 169962, 41256, 24684, 74758, 148802, 43371, 7052]
firstExecuteArray:[15516, 14810, 27858, 21157, 29619, 11284, 76869, 785633, 46546, 41961, 22920, 3879, 53246, 19041, 4937, 59239, 22214, 15161, 26447, 64531, 26096, 3526, 4232, 95914, 16925, 11637, 40903, 59944, 16574, 3527]
allSeleteArray:[8464, 5641, 10227, 7403, 6348, 4937, 27148, 13400, 15517, 9520, 5993, 1764, 9872, 11636, 2116, 19394, 7052, 8463, 14457, 697478, 11285, 3526, 1763, 26800, 10227, 4937, 8816, 16924, 5640, 1410]
allGenerateArray:[35966, 32440, 80749, 65939, 70170, 18336, 225326, 124475, 90976, 84979, 53245, 6699, 99791, 39845, 10931, 152683, 55362, 59592, 71583, 183358, 83569, 9168, 7757, 169962, 41256, 24684, 74758, 148802, 43371, 7052]
allExecuteArray:[15516, 14810, 27858, 21157, 29619, 11284, 76869, 785633, 46546, 41961, 22920, 3879, 53246, 19041, 4937, 59239, 22214, 15161, 26447, 64531, 26096, 3526, 4232, 95914, 16925, 11637, 40903, 59944, 16574, 3527]
averageF:9.0
averageT:9.0
averagefirstSelete:32605.0
averagefirstGenerate:72427.0
averagefirstExecute:54738.0
averageallSelete:32605.0
averageallGenerate:72427.0
averageallExecute:54738.0
F:[4, 12, 6, 3, 7, 3, 4, 5, 10, 1, 10, 8, 3, 29, 3, 5, 1, 11, 2, 9, 2, 16, 4, 3, 2, 18, 12, 5, 1, 1]
T:[4, 12, 6, 3, 7, 3, 4, 5, 10, 1, 10, 8, 3, 29, 3, 5, 1, 11, 2, 9, 2, 16, 4, 3, 2, 18, 12, 5, 1, 1]
firstSeleteArray:[8111, 9525, 5289, 3878, 11636, 4232, 7052, 7052, 10227, 2468, 10932, 7759, 3174, 25388, 4936, 4585, 1763, 14812, 3878, 14106, 2821, 17280, 5288, 3880, 2822, 29970, 17632, 5289, 1763, 2116]
firstGenerateArray:[41962, 90272, 42667, 23978, 55362, 26093, 27503, 40199, 72992, 8463, 82515, 57478, 22567, 1617102, 22214, 33498, 7405, 99791, 146689, 78283, 16220, 299373, 29619, 40550, 15867, 147043, 90973, 39493, 9521, 9168]
firstExecuteArray:[22216, 37380, 21158, 13752, 26799, 15868, 13047, 17984, 40903, 8110, 35261, 20098, 7405, 108960, 9521, 13399, 3879, 46897, 9873, 33147, 7053, 157620, 15515, 16926, 10226, 70524, 49367, 20098, 4936, 7758]
allSeleteArray:[8111, 9525, 5289, 3878, 11636, 4232, 7052, 7052, 10227, 2468, 10932, 7759, 3174, 25388, 4936, 4585, 1763, 14812, 3878, 14106, 2821, 17280, 5288, 3880, 2822, 29970, 17632, 5289, 1763, 2116]
allGenerateArray:[41962, 90272, 42667, 23978, 55362, 26093, 27503, 40199, 72992, 8463, 82515, 57478, 22567, 1617102, 22214, 33498, 7405, 99791, 146689, 78283, 16220, 299373, 29619, 40550, 15867, 147043, 90973, 39493, 9521, 9168]
allExecuteArray:[22216, 37380, 21158, 13752, 26799, 15868, 13047, 17984, 40903, 8110, 35261, 20098, 7405, 108960, 9521, 13399, 3879, 46897, 9873, 33147, 7053, 157620, 15515, 16926, 10226, 70524, 49367, 20098, 4936, 7758]
averageF:6.0
averageT:6.0
averagefirstSelete:8322.0
averagefirstGenerate:109828.0
averagefirstExecute:28856.0
averageallSelete:8322.0
averageallGenerate:109828.0
averageallExecute:28856.0
F:[8, 3, 4, 11, 3, 1, 18, 4, 3, 23, 26, 5, 2, 1, 2, 31, 3, 3, 4, 15, 3, 18, 8, 4, 4, 3, 5, 4, 8, 3]
T:[8, 3, 4, 11, 3, 1, 18, 4, 3, 23, 26, 5, 2, 1, 2, 31, 3, 3, 4, 15, 3, 18, 8, 4, 4, 3, 5, 4, 8, 3]
firstSeleteArray:[11283, 3878, 53245, 10931, 3173, 1763, 22214, 4936, 3879, 23980, 25388, 6699, 2821, 2115, 3174, 20802, 11990, 7758, 5995, 14108, 4231, 16930, 11286, 3525, 5640, 3878, 5995, 9167, 7406, 3173]
firstGenerateArray:[68408, 34204, 29267, 72992, 20452, 7405, 154445, 29620, 21862, 728507, 176307, 39847, 18335, 7758, 15515, 218270, 42314, 31384, 28914, 121299, 27504, 121298, 51131, 24332, 36673, 26094, 35966, 29267, 50778, 25741]
firstExecuteArray:[23271, 18688, 15515, 29265, 8110, 3526, 70170, 17631, 13401, 490844, 80045, 20806, 7053, 3879, 5995, 71228, 30677, 16573, 10578, 68407, 9522, 40200, 16572, 9167, 17279, 14105, 14457, 10579, 21156, 7758]
allSeleteArray:[11283, 3878, 53245, 10931, 3173, 1763, 22214, 4936, 3879, 23980, 25388, 6699, 2821, 2115, 3174, 20802, 11990, 7758, 5995, 14108, 4231, 16930, 11286, 3525, 5640, 3878, 5995, 9167, 7406, 3173]
allGenerateArray:[68408, 34204, 29267, 72992, 20452, 7405, 154445, 29620, 21862, 728507, 176307, 39847, 18335, 7758, 15515, 218270, 42314, 31384, 28914, 121299, 27504, 121298, 51131, 24332, 36673, 26094, 35966, 29267, 50778, 25741]
allExecuteArray:[23271, 18688, 15515, 29265, 8110, 3526, 70170, 17631, 13401, 490844, 80045, 20806, 7053, 3879, 5995, 71228, 30677, 16573, 10578, 68407, 9522, 40200, 16572, 9167, 17279, 14105, 14457, 10579, 21156, 7758]
averageF:7.0
averageT:7.0
averagefirstSelete:10378.0
averagefirstGenerate:76529.0
averagefirstExecute:38881.0
averageallSelete:10378.0
averageallGenerate:76529.0
averageallExecute:38881.0
F:[4, 4, 9, 11, 1, 6, 9, 3, 26, 11, 4, 4, 3, 5, 21, 5, 3, 4, 1, 1, 15, 1, 5, 6, 4, 22, 10, 9, 21, 5]
T:[4, 4, 9, 11, 1, 6, 9, 3, 26, 11, 4, 4, 3, 5, 21, 5, 3, 4, 1, 1, 15, 1, 5, 6, 4, 22, 10, 9, 21, 5]
firstSeleteArray:[6699, 4583, 9169, 12692, 1763, 8463, 9875, 5994, 22568, 10579, 6701, 186535, 6699, 5642, 18687, 5996, 4231, 4584, 4232, 1763, 14456, 1763, 5291, 5994, 4584, 17280, 123768, 23272, 20803, 5290]
firstGenerateArray:[41609, 29267, 62766, 74049, 7052, 203460, 63470, 28914, 174195, 76520, 27855, 38434, 33499, 132937, 131880, 98734, 21509, 28210, 9168, 7052, 87452, 6700, 30678, 39140, 28916, 136817, 69114, 127292, 133996, 36673]
firstExecuteArray:[119537, 17630, 20099, 24330, 3526, 33147, 29268, 14104, 65589, 29620, 11637, 14456, 16926, 22215, 45135, 15867, 9873, 10578, 5642, 5642, 38786, 4936, 15162, 15516, 11637, 56771, 41609, 58181, 64177, 17984]
allSeleteArray:[6699, 4583, 9169, 12692, 1763, 8463, 9875, 5994, 22568, 10579, 6701, 186535, 6699, 5642, 18687, 5996, 4231, 4584, 4232, 1763, 14456, 1763, 5291, 5994, 4584, 17280, 123768, 23272, 20803, 5290]
allGenerateArray:[41609, 29267, 62766, 74049, 7052, 203460, 63470, 28914, 174195, 76520, 27855, 38434, 33499, 132937, 131880, 98734, 21509, 28210, 9168, 7052, 87452, 6700, 30678, 39140, 28916, 136817, 69114, 127292, 133996, 36673]
allExecuteArray:[119537, 17630, 20099, 24330, 3526, 33147, 29268, 14104, 65589, 29620, 11637, 14456, 16926, 22215, 45135, 15867, 9873, 10578, 5642, 5642, 38786, 4936, 15162, 15516, 11637, 56771, 41609, 58181, 64177, 17984]
averageF:7.0
averageT:7.0
averagefirstSelete:18665.0
averagefirstGenerate:66245.0
averagefirstExecute:27986.0
averageallSelete:18665.0
averageallGenerate:66245.0
averageallExecute:27986.0
F:[7, 4, 11, 12, 3, 3, 12, 2, 7, 10, 4, 7, 9, 4, 7, 8, 7, 31, 3, 14, 3, 6, 5, 20, 2, 7, 5, 20, 5, 1]
T:[7, 4, 11, 12, 3, 3, 12, 2, 7, 10, 4, 7, 9, 4, 7, 8, 7, 31, 3, 14, 3, 6, 5, 20, 2, 7, 5, 20, 5, 1]
firstSeleteArray:[9168, 4937, 10930, 11285, 4584, 5641, 15162, 3174, 8463, 5289, 3526, 7051, 5642, 5994, 6702, 5995, 7405, 31382, 3879, 13752, 3526, 6347, 6347, 20098, 3173, 9521, 5993, 22567, 5994, 1410]
firstGenerateArray:[51485, 27504, 92032, 84628, 19393, 19040, 86037, 13752, 37026, 42667, 27857, 32794, 37732, 22566, 43371, 37026, 44428, 397397, 21509, 93446, 19041, 40904, 32791, 126941, 19041, 49721, 39140, 133642, 36673, 7052]
firstExecuteArray:[63821, 16926, 70522, 51127, 13399, 6700, 46194, 9168, 12341, 14812, 11989, 14459, 15513, 8815, 21510, 15868, 23978, 150567, 10931, 41961, 9168, 19394, 20451, 78282, 8816, 28916, 19746, 133292, 18689, 4232]
allSeleteArray:[9168, 4937, 10930, 11285, 4584, 5641, 15162, 3174, 8463, 5289, 3526, 7051, 5642, 5994, 6702, 5995, 7405, 31382, 3879, 13752, 3526, 6347, 6347, 20098, 3173, 9521, 5993, 22567, 5994, 1410]
allGenerateArray:[51485, 27504, 92032, 84628, 19393, 19040, 86037, 13752, 37026, 42667, 27857, 32794, 37732, 22566, 43371, 37026, 44428, 397397, 21509, 93446, 19041, 40904, 32791, 126941, 19041, 49721, 39140, 133642, 36673, 7052]
allExecuteArray:[63821, 16926, 70522, 51127, 13399, 6700, 46194, 9168, 12341, 14812, 11989, 14459, 15513, 8815, 21510, 15868, 23978, 150567, 10931, 41961, 9168, 19394, 20451, 78282, 8816, 28916, 19746, 133292, 18689, 4232]
averageF:7.0
averageT:7.0
averagefirstSelete:8497.0
averagefirstGenerate:57887.0
averagefirstExecute:32052.0
averageallSelete:8497.0
averageallGenerate:57887.0
averageallExecute:32052.0
F:[4, 12, 6, 4, 4, 5, 11, 7, 13, 4, 17, 6, 7, 7, 3, 15, 11, 12, 5, 4, 15, 12, 20, 2, 4, 13, 2, 2, 17, 10]
T:[4, 12, 6, 4, 4, 5, 11, 7, 13, 4, 17, 6, 7, 7, 3, 15, 11, 12, 5, 4, 15, 12, 20, 2, 4, 13, 2, 2, 17, 10]
firstSeleteArray:[5641, 11988, 6348, 7053, 4937, 5287, 12695, 10578, 10575, 4584, 8815, 5994, 10578, 6348, 2467, 14458, 9520, 10577, 7405, 4584, 12340, 11988, 19747, 2820, 4584, 15161, 2115, 2821, 11286, 9519]
firstGenerateArray:[22567, 76166, 44429, 31030, 29266, 30324, 65586, 52189, 76871, 22214, 75108, 23272, 45489, 50073, 17983, 103669, 72639, 82512, 31735, 26448, 92735, 85333, 135056, 16573, 27151, 86745, 13399, 14458, 81101, 44078]
firstExecuteArray:[11989, 38788, 22214, 16573, 16573, 17631, 27504, 29621, 24332, 11990, 26799, 10579, 28563, 30678, 8464, 62059, 43018, 49719, 21862, 14809, 45841, 47249, 76164, 9168, 17983, 48305, 8110, 7053, 34558, 17279]
allSeleteArray:[5641, 11988, 6348, 7053, 4937, 5287, 12695, 10578, 10575, 4584, 8815, 5994, 10578, 6348, 2467, 14458, 9520, 10577, 7405, 4584, 12340, 11988, 19747, 2820, 4584, 15161, 2115, 2821, 11286, 9519]
allGenerateArray:[22567, 76166, 44429, 31030, 29266, 30324, 65586, 52189, 76871, 22214, 75108, 23272, 45489, 50073, 17983, 103669, 72639, 82512, 31735, 26448, 92735, 85333, 135056, 16573, 27151, 86745, 13399, 14458, 81101, 44078]
allExecuteArray:[11989, 38788, 22214, 16573, 16573, 17631, 27504, 29621, 24332, 11990, 26799, 10579, 28563, 30678, 8464, 62059, 43018, 49719, 21862, 14809, 45841, 47249, 76164, 9168, 17983, 48305, 8110, 7053, 34558, 17279]
averageF:8.0
averageT:8.0
averagefirstSelete:8427.0
averagefirstGenerate:52539.0
averagefirstExecute:27515.0
averageallSelete:8427.0
averageallGenerate:52539.0
averageallExecute:27515.0
