F:[7, 1, 2, 6, 6, 2, 14, 1, 3, 8, 2, 6, 1, 1, 5, 7, 9, 9, 2, 6, 4, 4, 1, 14, 3, 3, 11, 1, 1, 4]
T:[677, 373, 483, 691, 445, 348, 449, 750, 376, 459, 499, 635, 844, 335, 523, 816, 647, 700, 382, 393, 400, 397, 374, 595, 454, 589, 290, 417, 318, 1025]
firstSeleteArray:[40550, 1411, 1763, 10931, 20099, 9168, 31736, 11636, 11283, 15867, 4232, 11989, 1763, 2115, 17631, 19395, 36674, 23979, 17630, 26447, 8815, 15868, 2469, 48307, 19041, 14105, 25387, 16926, 2116, 11284]
firstGenerateArray:[691480, 21158, 71227, 195352, 304310, 71930, 469678, 11286, 83923, 424196, 79338, 193584, 11283, 4232, 241554, 252480, 317355, 319117, 40550, 187592, 119890, 119183, 34203, 504590, 100845, 100495, 375896, 11285, 32795, 126590]
firstExecuteArray:[82157, 6349, 11287, 34200, 49364, 21863, 66287, 5289, 20453, 81098, 22567, 34201, 4584, 1410, 50065, 40553, 52893, 54659, 13050, 29624, 21156, 29269, 11992, 82863, 51132, 28561, 60656, 2115, 10225, 23634]
allSeleteArray:[1829734, 491898, 1360779, 3233175, 903059, 537748, 831820, 2145674, 680544, 928431, 1500035, 1033175, 3694736, 637876, 699580, 2227492, 2257449, 1573026, 617788, 734514, 1104390, 852621, 399168, 1687998, 669254, 1386486, 599095, 758125, 531742, 2134725]
allGenerateArray:[11331755, 6640526, 8473377, 9986808, 7240644, 3680959, 4788171, 9335190, 4087201, 5773422, 6834776, 6147183, 8439548, 7868299, 3258175, 6785096, 9182180, 7053050, 5773393, 5336505, 4817814, 5042431, 5220149, 4885168, 5360467, 3714459, 6170433, 4786424, 5085093, 8271010]
allExecuteArray:[1361098, 750721, 1068081, 1242666, 896339, 531411, 585693, 1144253, 534565, 747172, 927719, 787361, 1286721, 899192, 415051, 905505, 1187279, 885772, 732744, 727111, 927058, 655874, 671381, 619199, 662552, 463013, 799785, 702421, 558889, 1094537]
averageF:4.0
averageT:522.0
averagefirstSelete:16020.0
averagefirstGenerate:183913.0
averagefirstExecute:33451.0
averageallSelete:1268071.0
averageallGenerate:6378990.0
averageallExecute:825705.0
