F:[7, 4, 13, 7, 3, 4, 46, 6, 7, 6, 14, 4, 23, 12, 5, 18, 6, 3, 3, 3, 8, 9, 6, 4, 3, 4, 2, 5, 4, 3]
T:[7, 4, 13, 7, 3, 4, 46, 6, 7, 6, 14, 4, 23, 12, 5, 18, 6, 3, 3, 3, 8, 9, 6, 4, 3, 4, 2, 5, 4, 3]
firstSeleteArray:[89213, 39493, 111073, 59240, 22215, 40197, 332869, 39492, 37378, 29266, 81808, 18336, 264463, 35259, 14809, 38438, 12339, 8463, 9873, 13752, 29974, 25032, 17985, 16573, 10931, 14458, 9168, 17983, 11989, 9874]
firstGenerateArray:[10123649, 188651, 3717645, 246127, 90976, 125532, 2374527, 133642, 265169, 125181, 284211, 70170, 529280, 189709, 1668586, 249299, 49718, 52893, 90622, 261996, 314185, 104727, 51834, 50072, 35263, 37732, 21509, 54304, 31736, 35261]
firstExecuteArray:[214744, 3424269, 327936, 109663, 44431, 202403, 4036061, 51483, 61707, 53951, 440066, 27503, 269752, 104026, 46192, 118834, 21862, 26798, 23978, 2610779, 73696, 82513, 28565, 39493, 24683, 23978, 15515, 31737, 22215, 21157]
allSeleteArray:[89213, 39493, 111073, 59240, 22215, 40197, 332869, 39492, 37378, 29266, 81808, 18336, 264463, 35259, 14809, 38438, 12339, 8463, 9873, 13752, 29974, 25032, 17985, 16573, 10931, 14458, 9168, 17983, 11989, 9874]
allGenerateArray:[10123649, 188651, 3717645, 246127, 90976, 125532, 2374527, 133642, 265169, 125181, 284211, 70170, 529280, 189709, 1668586, 249299, 49718, 52893, 90622, 261996, 314185, 104727, 51834, 50072, 35263, 37732, 21509, 54304, 31736, 35261]
allExecuteArray:[214744, 3424269, 327936, 109663, 44431, 202403, 4036061, 51483, 61707, 53951, 440066, 27503, 269752, 104026, 46192, 118834, 21862, 26798, 23978, 2610779, 73696, 82513, 28565, 39493, 24683, 23978, 15515, 31737, 22215, 21157]
averageF:8.0
averageT:8.0
averagefirstSelete:48731.0
averagefirstGenerate:719140.0
averagefirstExecute:419333.0
averageallSelete:48731.0
averageallGenerate:719140.0
averageallExecute:419333.0
