F:[8, 1, 4, 10, 4, 2, 6, 7, 7, 1, 6, 5, 6, 4, 21, 8, 15, 7, 1, 6, 13, 7, 10, 7, 10, 6, 1, 1, 2, 1]
T:[64, 38, 17, 82, 16, 123, 31, 39, 30, 40, 28, 18, 34, 6, 22, 9, 42, 33, 28, 37, 49, 26, 61, 69, 54, 53, 38, 20, 37, 7]
firstSeleteArray:[1370623, 14105, 65587, 114251, 83217, 20452, 59593, 61711, 61708, 40904, 98731, 42666, 42314, 29619, 218975, 48660, 197469, 63119, 13752, 51834, 136814, 63118, 86745, 140341, 98027, 50073, 3879, 6347, 14457, 10579]
firstGenerateArray:[7189874, 51129, 121654, 298312, 106844, 28914, 104019, 97672, 122712, 19395, 519758, 59946, 123767, 61354, 25850039, 147043, 291258, 116362, 28561, 75813, 232020, 120949, 118477, 103668, 153740, 65939, 5289, 9521, 22921, 4936]
firstExecuteArray:[7440226, 11637, 70174, 173842, 71932, 27152, 101556, 99438, 81807, 27152, 2191518, 51836, 61355, 47956, 270813, 71935, 129053, 62417, 32794, 54655, 120591, 71225, 107900, 86390, 105434, 70526, 6700, 11989, 26095, 6700]
allSeleteArray:[4256086, 840640, 340628, 7637345, 8310841, 12762999, 344859, 412211, 301490, 756718, 276098, 2093136, 463342, 35261, 225322, 55360, 411858, 327580, 261639, 298669, 443591, 508120, 562073, 834995, 541622, 506710, 484142, 206993, 454879, 87097]
allGenerateArray:[14170641, 4624580, 267635, 1413993, 323705, 2106177, 383291, 360371, 276102, 481675, 677729, 247892, 403041, 83214, 25871901, 161148, 475323, 375180, 365308, 1821620, 489781, 238017, 383644, 746493, 434426, 546910, 205219, 220390, 407976, 40197]
allExecuteArray:[9858826, 1425632, 155509, 3057901, 189355, 5277278, 243311, 382946, 177362, 13796162, 2265919, 167143, 230609, 60297, 286679, 82161, 235189, 201702, 218273, 204872, 310299, 210511, 302186, 486610, 279626, 383998, 186187, 122714, 283156, 38085]
averageF:6.0
averageT:38.0
averagefirstSelete:110322.0
averagefirstGenerate:1208396.0
averagefirstExecute:389759.0
averageallSelete:1501410.0
averageallGenerate:1953452.0
averageallExecute:1370683.0
