F:[21, 6, 3, 5, 15, 12, 12, 1, 31, 7, 66, 6, 19, 25, 10, 10, 12, 27, 1, 3, 6, 4, 2, 3, 12, 1, 2, 15, 14, 9]
T:[21, 6, 3, 5, 15, 12, 12, 1, 31, 7, 66, 6, 19, 25, 10, 10, 12, 27, 1, 3, 6, 4, 2, 3, 12, 1, 2, 15, 14, 9]
firstSeleteArray:[202756, 53951, 25035, 51129, 105432, 1028935, 80398, 5642, 169256, 35262, 234138, 22918, 64884, 107551, 28562, 53244, 40550, 161147, 2468, 5642, 9168, 8463, 3879, 5289, 20803, 6699, 4937, 34202, 30326, 24683]
firstGenerateArray:[15628010, 1632971, 648817, 864617, 2176002, 2817767, 12016851, 55008, 7484310, 184417, 1821269, 183715, 2672839, 532805, 293377, 775756, 297609, 314184, 8463, 22920, 43370, 51836, 17631, 37377, 152330, 21157, 27505, 984160, 456641, 130468]
firstExecuteArray:[5251183, 162909, 31736, 124827, 139285, 99788, 150566, 10579, 1275771, 44429, 445706, 38787, 138578, 135405, 50776, 59591, 109312, 120946, 2821, 7405, 12342, 14456, 4936, 11284, 42315, 5289, 10226, 53951, 5193704, 41610]
allSeleteArray:[202756, 53951, 25035, 51129, 105432, 1028935, 80398, 5642, 169256, 35262, 234138, 22918, 64884, 107551, 28562, 53244, 40550, 161147, 2468, 5642, 9168, 8463, 3879, 5289, 20803, 6699, 4937, 34202, 30326, 24683]
allGenerateArray:[15628010, 1632971, 648817, 864617, 2176002, 2817767, 12016851, 55008, 7484310, 184417, 1821269, 183715, 2672839, 532805, 293377, 775756, 297609, 314184, 8463, 22920, 43370, 51836, 17631, 37377, 152330, 21157, 27505, 984160, 456641, 130468]
allExecuteArray:[5251183, 162909, 31736, 124827, 139285, 99788, 150566, 10579, 1275771, 44429, 445706, 38787, 138578, 135405, 50776, 59591, 109312, 120946, 2821, 7405, 12342, 14456, 4936, 11284, 42315, 5289, 10226, 53951, 5193704, 41610]
averageF:12.0
averageT:12.0
averagefirstSelete:87578.0
averagefirstGenerate:1745139.0
averagefirstExecute:459683.0
averageallSelete:87578.0
averageallGenerate:1745139.0
averageallExecute:459683.0
F:[2, 6, 3, 1, 25, 3, 9, 4, 10, 11, 35, 15, 4, 8, 3, 3, 8, 3, 12, 8, 11, 6, 1, 6, 1, 1, 7, 3, 2, 10]
T:[2, 6, 3, 1, 25, 3, 9, 4, 10, 11, 35, 15, 4, 8, 3, 3, 8, 3, 12, 8, 11, 6, 1, 6, 1, 1, 7, 3, 2, 10]
firstSeleteArray:[8816, 16926, 7405, 3526, 52894, 9520, 21511, 9169, 21157, 17278, 40200, 29267, 5994, 13400, 5289, 4585, 11637, 32794, 25036, 24331, 8460, 10931, 4937, 7759, 2468, 10578, 10227, 4585, 3174, 11988]
firstGenerateArray:[39141, 118127, 47251, 18336, 380123, 63117, 168550, 49013, 123065, 96973, 285618, 179481, 26446, 80750, 29267, 21156, 80397, 48310, 169960, 57830, 87450, 75812, 15163, 72992, 15515, 24683, 82513, 37377, 22214, 122359]
firstExecuteArray:[11284, 29619, 14457, 5641, 106489, 27504, 36672, 16573, 41257, 29975, 126942, 55006, 7404, 22215, 8816, 5994, 25035, 13047, 50425, 15164, 23274, 22919, 4232, 24682, 4584, 8110, 21862, 10931, 7052, 31385]
allSeleteArray:[8816, 16926, 7405, 3526, 52894, 9520, 21511, 9169, 21157, 17278, 40200, 29267, 5994, 13400, 5289, 4585, 11637, 32794, 25036, 24331, 8460, 10931, 4937, 7759, 2468, 10578, 10227, 4585, 3174, 11988]
allGenerateArray:[39141, 118127, 47251, 18336, 380123, 63117, 168550, 49013, 123065, 96973, 285618, 179481, 26446, 80750, 29267, 21156, 80397, 48310, 169960, 57830, 87450, 75812, 15163, 72992, 15515, 24683, 82513, 37377, 22214, 122359]
allExecuteArray:[11284, 29619, 14457, 5641, 106489, 27504, 36672, 16573, 41257, 29975, 126942, 55006, 7404, 22215, 8816, 5994, 25035, 13047, 50425, 15164, 23274, 22919, 4232, 24682, 4584, 8110, 21862, 10931, 7052, 31385]
averageF:7.0
averageT:7.0
averagefirstSelete:14528.0
averagefirstGenerate:87966.0
averagefirstExecute:26951.0
averageallSelete:14528.0
averageallGenerate:87966.0
averageallExecute:26951.0
F:[11, 8, 1, 4, 13, 1, 6, 18, 10, 1, 5, 7, 7, 9, 5, 2, 9, 22, 8, 31, 19, 8, 5, 3, 7, 22, 33, 4, 8, 2]
T:[11, 8, 1, 4, 13, 1, 6, 18, 10, 1, 5, 7, 7, 9, 5, 2, 9, 22, 8, 31, 19, 8, 5, 3, 7, 22, 33, 4, 8, 2]
firstSeleteArray:[19745, 7758, 1763, 9520, 16222, 2468, 5641, 14809, 11287, 2116, 7406, 8465, 8815, 16221, 17633, 4231, 6347, 14458, 9167, 28914, 19395, 8815, 4937, 4584, 5643, 21158, 21861, 4583, 9519, 3525]
firstGenerateArray:[139284, 61004, 10578, 56772, 164669, 10931, 46544, 141049, 92386, 9521, 62062, 73344, 12130041, 108607, 174192, 17279, 60650, 160086, 78281, 296901, 124474, 63121, 35614, 34204, 49720, 209459, 236610, 27152, 79693, 26092]
firstExecuteArray:[45136, 14106, 7052, 18689, 106490, 3174, 13046, 40198, 24329, 14810, 14810, 23273, 42315, 29268, 25387, 7053, 15866, 39494, 22921, 752835, 31028, 12695, 8461, 8463, 11634, 51127, 48662, 6699, 20099, 7405]
allSeleteArray:[19745, 7758, 1763, 9520, 16222, 2468, 5641, 14809, 11287, 2116, 7406, 8465, 8815, 16221, 17633, 4231, 6347, 14458, 9167, 28914, 19395, 8815, 4937, 4584, 5643, 21158, 21861, 4583, 9519, 3525]
allGenerateArray:[139284, 61004, 10578, 56772, 164669, 10931, 46544, 141049, 92386, 9521, 62062, 73344, 12130041, 108607, 174192, 17279, 60650, 160086, 78281, 296901, 124474, 63121, 35614, 34204, 49720, 209459, 236610, 27152, 79693, 26092]
allExecuteArray:[45136, 14106, 7052, 18689, 106490, 3174, 13046, 40198, 24329, 14810, 14810, 23273, 42315, 29268, 25387, 7053, 15866, 39494, 22921, 752835, 31028, 12695, 8461, 8463, 11634, 51127, 48662, 6699, 20099, 7405]
averageF:9.0
averageT:9.0
averagefirstSelete:10566.0
averagefirstGenerate:492677.0
averagefirstExecute:48884.0
averageallSelete:10566.0
averageallGenerate:492677.0
averageallExecute:48884.0
F:[6, 3, 11, 2, 4, 17, 23, 6, 3, 18, 6, 19, 28, 4, 4, 5, 1, 3, 4, 4, 1, 10, 1, 2, 1, 3, 4, 1, 3, 4]
T:[6, 3, 11, 2, 4, 17, 23, 6, 3, 18, 6, 19, 28, 4, 4, 5, 1, 3, 4, 4, 1, 10, 1, 2, 1, 3, 4, 1, 3, 4]
firstSeleteArray:[14105, 4937, 12695, 3174, 6345, 15870, 22919, 4936, 3526, 39846, 14103, 25035, 27503, 8111, 7052, 7052, 2468, 3880, 4938, 5995, 4231, 10227, 2115, 2117, 1411, 2468, 3174, 1763, 2820, 3526]
firstGenerateArray:[85332, 36672, 136816, 25742, 45840, 163614, 164671, 59238, 24684, 228143, 62061, 238724, 189709, 45488, 42667, 45840, 12341, 28914, 34204, 39847, 10579, 64527, 5995, 10578, 6347, 17630, 20805, 6700, 15515, 19395]
firstExecuteArray:[28562, 13400, 34204, 6700, 11636, 40198, 35966, 13399, 10226, 49014, 19747, 84979, 56772, 18689, 13047, 16926, 4584, 9874, 11989, 12342, 4584, 19042, 2469, 3878, 2468, 7758, 6698, 3173, 5641, 6347]
allSeleteArray:[14105, 4937, 12695, 3174, 6345, 15870, 22919, 4936, 3526, 39846, 14103, 25035, 27503, 8111, 7052, 7052, 2468, 3880, 4938, 5995, 4231, 10227, 2115, 2117, 1411, 2468, 3174, 1763, 2820, 3526]
allGenerateArray:[85332, 36672, 136816, 25742, 45840, 163614, 164671, 59238, 24684, 228143, 62061, 238724, 189709, 45488, 42667, 45840, 12341, 28914, 34204, 39847, 10579, 64527, 5995, 10578, 6347, 17630, 20805, 6700, 15515, 19395]
allExecuteArray:[28562, 13400, 34204, 6700, 11636, 40198, 35966, 13399, 10226, 49014, 19747, 84979, 56772, 18689, 13047, 16926, 4584, 9874, 11989, 12342, 4584, 19042, 2469, 3878, 2468, 7758, 6698, 3173, 5641, 6347]
averageF:6.0
averageT:6.0
averagefirstSelete:8944.0
averagefirstGenerate:62953.0
averagefirstExecute:18477.0
averageallSelete:8944.0
averageallGenerate:62953.0
averageallExecute:18477.0
F:[11, 8, 2, 3, 27, 8, 9, 4, 4, 36, 15, 11, 23, 4, 8, 22, 6, 10, 6, 4, 29, 21, 1, 1, 20, 16, 18, 12, 2, 3]
T:[11, 8, 2, 3, 27, 8, 9, 4, 4, 36, 15, 11, 23, 4, 8, 22, 6, 10, 6, 4, 29, 21, 1, 1, 20, 16, 18, 12, 2, 3]
firstSeleteArray:[16925, 9873, 3174, 3879, 20454, 7052, 10228, 4584, 4233, 29271, 25743, 11990, 19391, 4233, 9520, 23627, 7757, 11637, 10225, 4230, 19043, 17629, 2115, 2115, 21156, 16925, 18688, 13753, 5643, 4937]
firstGenerateArray:[152684, 101553, 22921, 37025, 220034, 145279, 77930, 37730, 34909, 305367, 299019, 99790, 185121, 22567, 69817, 218275, 64883, 149510, 104728, 36321, 143159, 119536, 44078, 17983, 216153, 137522, 174547, 195351, 49367, 30325]
firstExecuteArray:[53246, 49721, 9874, 14811, 63119, 23980, 27505, 12340, 11285, 95209, 289144, 33851, 55364, 7053, 29267, 93094, 29268, 38436, 27503, 7757, 45489, 34911, 4231, 4231, 60651, 50778, 65939, 48662, 8816, 10579]
allSeleteArray:[16925, 9873, 3174, 3879, 20454, 7052, 10228, 4584, 4233, 29271, 25743, 11990, 19391, 4233, 9520, 23627, 7757, 11637, 10225, 4230, 19043, 17629, 2115, 2115, 21156, 16925, 18688, 13753, 5643, 4937]
allGenerateArray:[152684, 101553, 22921, 37025, 220034, 145279, 77930, 37730, 34909, 305367, 299019, 99790, 185121, 22567, 69817, 218275, 64883, 149510, 104728, 36321, 143159, 119536, 44078, 17983, 216153, 137522, 174547, 195351, 49367, 30325]
allExecuteArray:[53246, 49721, 9874, 14811, 63119, 23980, 27505, 12340, 11285, 95209, 289144, 33851, 55364, 7053, 29267, 93094, 29268, 38436, 27503, 7757, 45489, 34911, 4231, 4231, 60651, 50778, 65939, 48662, 8816, 10579]
averageF:11.0
averageT:11.0
averagefirstSelete:12001.0
averagefirstGenerate:117116.0
averagefirstExecute:43537.0
averageallSelete:12001.0
averageallGenerate:117116.0
averageallExecute:43537.0
F:[1, 26, 1, 11, 7, 5, 6, 25, 8, 9, 20, 36, 2, 19, 30, 2, 53, 3, 7, 8, 8, 5, 16, 13, 14, 8, 4, 7, 11, 10]
T:[1, 26, 1, 11, 7, 5, 6, 25, 8, 9, 20, 36, 2, 19, 30, 2, 53, 3, 7, 8, 8, 5, 16, 13, 14, 8, 4, 7, 11, 10]
firstSeleteArray:[27857, 74401, 2116, 12342, 8462, 695714, 14106, 26446, 9522, 5292, 10575, 27858, 2115, 15164, 23624, 2821, 45838, 4232, 6700, 11988, 8815, 5289, 13047, 10580, 13049, 5641, 4232, 6698, 10227, 16573]
firstGenerateArray:[55361, 319470, 11284, 113188, 722866, 148804, 56066, 222151, 68057, 42316, 82510, 228144, 11284, 110370, 246478, 20099, 501069, 30325, 54306, 252828, 65586, 39845, 126945, 108252, 118832, 52188, 27505, 51835, 64178, 388936]
firstExecuteArray:[8111, 132232, 3526, 35261, 30322, 27858, 18337, 114243, 37379, 19394, 32090, 102262, 3878, 41605, 74046, 7758, 190060, 14457, 20100, 168198, 29619, 14456, 78987, 32088, 40199, 23272, 13047, 18687, 26445, 58535]
allSeleteArray:[27857, 74401, 2116, 12342, 8462, 695714, 14106, 26446, 9522, 5292, 10575, 27858, 2115, 15164, 23624, 2821, 45838, 4232, 6700, 11988, 8815, 5289, 13047, 10580, 13049, 5641, 4232, 6698, 10227, 16573]
allGenerateArray:[55361, 319470, 11284, 113188, 722866, 148804, 56066, 222151, 68057, 42316, 82510, 228144, 11284, 110370, 246478, 20099, 501069, 30325, 54306, 252828, 65586, 39845, 126945, 108252, 118832, 52188, 27505, 51835, 64178, 388936]
allExecuteArray:[8111, 132232, 3526, 35261, 30322, 27858, 18337, 114243, 37379, 19394, 32090, 102262, 3878, 41605, 74046, 7758, 190060, 14457, 20100, 168198, 29619, 14456, 78987, 32088, 40199, 23272, 13047, 18687, 26445, 58535]
averageF:12.0
averageT:12.0
averagefirstSelete:37377.0
averagefirstGenerate:144702.0
averagefirstExecute:47215.0
averageallSelete:37377.0
averageallGenerate:144702.0
averageallExecute:47215.0
F:[1, 26, 37, 2, 4, 12, 8, 3, 10, 26, 13, 11, 3, 17, 2, 1, 6, 26, 4, 3, 1, 4, 8, 1, 18, 1, 23, 3, 4, 7]
T:[1, 26, 37, 2, 4, 12, 8, 3, 10, 26, 13, 11, 3, 17, 2, 1, 6, 26, 4, 3, 1, 4, 8, 1, 18, 1, 23, 3, 4, 7]
firstSeleteArray:[3174, 26093, 32087, 2821, 4584, 99086, 7054, 3527, 9170, 23626, 12693, 11282, 6700, 17985, 4231, 1763, 5642, 20805, 4583, 3527, 1763, 3526, 6348, 3174, 14810, 1763, 22566, 3879, 3527, 5290]
firstGenerateArray:[11284, 234136, 247536, 60650, 33851, 85336, 57123, 23978, 74756, 590283, 116718, 84981, 43020, 143867, 15867, 9521, 39141, 169962, 28562, 20100, 9168, 26798, 51130, 14810, 119536, 11284, 172077, 22214, 29620, 49366]
firstExecuteArray:[4937, 93440, 153034, 8110, 13401, 35262, 22214, 12695, 34203, 263057, 40550, 35966, 16221, 53950, 6348, 3879, 16926, 73695, 12694, 10579, 4231, 11637, 23626, 9168, 50072, 4232, 72988, 10578, 10225, 17631]
allSeleteArray:[3174, 26093, 32087, 2821, 4584, 99086, 7054, 3527, 9170, 23626, 12693, 11282, 6700, 17985, 4231, 1763, 5642, 20805, 4583, 3527, 1763, 3526, 6348, 3174, 14810, 1763, 22566, 3879, 3527, 5290]
allGenerateArray:[11284, 234136, 247536, 60650, 33851, 85336, 57123, 23978, 74756, 590283, 116718, 84981, 43020, 143867, 15867, 9521, 39141, 169962, 28562, 20100, 9168, 26798, 51130, 14810, 119536, 11284, 172077, 22214, 29620, 49366]
allExecuteArray:[4937, 93440, 153034, 8110, 13401, 35262, 22214, 12695, 34203, 263057, 40550, 35966, 16221, 53950, 6348, 3879, 16926, 73695, 12694, 10579, 4231, 11637, 23626, 9168, 50072, 4232, 72988, 10578, 10225, 17631]
averageF:9.0
averageT:9.0
averagefirstSelete:12235.0
averagefirstGenerate:86555.0
averagefirstExecute:37518.0
averageallSelete:12235.0
averageallGenerate:86555.0
averageallExecute:37518.0
F:[7, 18, 9, 1, 2, 3, 3, 4, 12, 7, 11, 4, 11, 2, 1, 5, 4, 10, 13, 11, 46, 19, 5, 10, 3, 6, 4, 4, 2, 6]
T:[7, 18, 9, 1, 2, 3, 3, 4, 12, 7, 11, 4, 11, 2, 1, 5, 4, 10, 13, 11, 46, 19, 5, 10, 3, 6, 4, 4, 2, 6]
firstSeleteArray:[10227, 20099, 9872, 1763, 2821, 3880, 3879, 4584, 11988, 7406, 5995, 3173, 6349, 2821, 2821, 7053, 7406, 9167, 9169, 14456, 37377, 16219, 5995, 8111, 3173, 5994, 3878, 4231, 2821, 8109]
firstGenerateArray:[99086, 197113, 54656, 8462, 14810, 22213, 23979, 28210, 5214508, 41961, 43728, 14458, 71584, 21157, 11989, 57477, 58534, 57476, 55008, 78986, 346273, 112133, 33145, 56064, 19041, 42666, 27858, 28209, 15515, 98026]
firstExecuteArray:[50071, 103668, 30675, 14105, 9520, 14809, 13752, 18688, 50073, 20804, 17630, 5641, 28560, 9521, 7757, 26093, 23625, 31382, 26447, 49366, 154093, 53246, 20098, 28916, 14105, 27506, 21511, 17277, 9168, 27505]
allSeleteArray:[10227, 20099, 9872, 1763, 2821, 3880, 3879, 4584, 11988, 7406, 5995, 3173, 6349, 2821, 2821, 7053, 7406, 9167, 9169, 14456, 37377, 16219, 5995, 8111, 3173, 5994, 3878, 4231, 2821, 8109]
allGenerateArray:[99086, 197113, 54656, 8462, 14810, 22213, 23979, 28210, 5214508, 41961, 43728, 14458, 71584, 21157, 11989, 57477, 58534, 57476, 55008, 78986, 346273, 112133, 33145, 56064, 19041, 42666, 27858, 28209, 15515, 98026]
allExecuteArray:[50071, 103668, 30675, 14105, 9520, 14809, 13752, 18688, 50073, 20804, 17630, 5641, 28560, 9521, 7757, 26093, 23625, 31382, 26447, 49366, 154093, 53246, 20098, 28916, 14105, 27506, 21511, 17277, 9168, 27505]
averageF:8.0
averageT:8.0
averagefirstSelete:8027.0
averagefirstGenerate:231810.0
averagefirstExecute:30853.0
averageallSelete:8027.0
averageallGenerate:231810.0
averageallExecute:30853.0
F:[30, 10, 12, 2, 1, 11, 1, 2, 25, 20, 17, 4, 2, 4, 3, 14, 20, 7, 17, 10, 4, 7, 11, 20, 3, 10, 9, 4, 8, 9]
T:[30, 10, 12, 2, 1, 11, 1, 2, 25, 20, 17, 4, 2, 4, 3, 14, 20, 7, 17, 10, 4, 7, 11, 20, 3, 10, 9, 4, 8, 9]
firstSeleteArray:[75455, 9168, 13049, 3174, 1410, 11990, 2821, 6347, 25036, 18333, 15518, 4233, 2821, 3879, 4233, 10934, 20100, 6701, 20807, 12340, 5641, 10225, 12342, 19744, 4585, 15163, 11284, 6700, 12341, 6348]
firstGenerateArray:[226028, 71582, 122358, 13401, 6699, 76870, 8110, 13752, 151976, 137871, 109664, 23272, 14457, 17631, 21158, 71582, 106487, 44430, 229559, 84628, 32794, 53950, 83924, 116718, 21157, 60298, 69114, 29619, 48309, 34559]
firstExecuteArray:[159035, 45840, 50425, 6700, 3526, 40552, 5289, 7757, 83217, 79337, 102255, 11283, 8111, 8815, 9874, 35967, 52541, 23273, 101908, 497543, 20100, 33853, 48310, 61357, 10227, 31735, 39139, 18687, 25741, 15517]
allSeleteArray:[75455, 9168, 13049, 3174, 1410, 11990, 2821, 6347, 25036, 18333, 15518, 4233, 2821, 3879, 4233, 10934, 20100, 6701, 20807, 12340, 5641, 10225, 12342, 19744, 4585, 15163, 11284, 6700, 12341, 6348]
allGenerateArray:[226028, 71582, 122358, 13401, 6699, 76870, 8110, 13752, 151976, 137871, 109664, 23272, 14457, 17631, 21158, 71582, 106487, 44430, 229559, 84628, 32794, 53950, 83924, 116718, 21157, 60298, 69114, 29619, 48309, 34559]
allExecuteArray:[159035, 45840, 50425, 6700, 3526, 40552, 5289, 7757, 83217, 79337, 102255, 11283, 8111, 8815, 9874, 35967, 52541, 23273, 101908, 497543, 20100, 33853, 48310, 61357, 10227, 31735, 39139, 18687, 25741, 15517]
averageF:9.0
averageT:9.0
averagefirstSelete:12424.0
averagefirstGenerate:70065.0
averagefirstExecute:54597.0
averageallSelete:12424.0
averageallGenerate:70065.0
averageallExecute:54597.0
F:[4, 2, 4, 9, 15, 22, 6, 4, 3, 1, 4, 12, 8, 11, 26, 3, 3, 5, 8, 13, 1, 8, 4, 31, 3, 20, 5, 1, 15, 15]
T:[4, 2, 4, 9, 15, 22, 6, 4, 3, 1, 4, 12, 8, 11, 26, 3, 3, 5, 8, 13, 1, 8, 4, 31, 3, 20, 5, 1, 15, 15]
firstSeleteArray:[5995, 2116, 4231, 8817, 10227, 137171, 7405, 5290, 3174, 1763, 5289, 9519, 7758, 10227, 24333, 4233, 3174, 3526, 6349, 9873, 1410, 6348, 3878, 25390, 1661535, 15161, 4231, 1763, 13749, 13399]
firstGenerateArray:[34908, 14105, 25741, 48662, 92385, 235197, 39846, 26446, 21862, 8815, 56417, 72639, 70875, 65232, 249653, 20099, 31383, 29268, 64881, 65236, 9521, 39494, 27504, 179836, 25035, 102261, 31383, 7405, 87097, 169612]
firstExecuteArray:[18689, 7758, 12342, 20098, 40552, 740145, 18689, 14104, 9520, 3879, 13752, 37730, 25039, 32442, 89209, 9522, 7759, 13753, 20452, 30324, 3526, 18688, 14458, 111425, 23977, 45135, 14809, 3879, 39844, 214745]
allSeleteArray:[5995, 2116, 4231, 8817, 10227, 137171, 7405, 5290, 3174, 1763, 5289, 9519, 7758, 10227, 24333, 4233, 3174, 3526, 6349, 9873, 1410, 6348, 3878, 25390, 1661535, 15161, 4231, 1763, 13749, 13399]
allGenerateArray:[34908, 14105, 25741, 48662, 92385, 235197, 39846, 26446, 21862, 8815, 56417, 72639, 70875, 65232, 249653, 20099, 31383, 29268, 64881, 65236, 9521, 39494, 27504, 179836, 25035, 102261, 31383, 7405, 87097, 169612]
allExecuteArray:[18689, 7758, 12342, 20098, 40552, 740145, 18689, 14104, 9520, 3879, 13752, 37730, 25039, 32442, 89209, 9522, 7759, 13753, 20452, 30324, 3526, 18688, 14458, 111425, 23977, 45135, 14809, 3879, 39844, 214745]
averageF:8.0
averageT:8.0
averagefirstSelete:67244.0
averagefirstGenerate:65093.0
averagefirstExecute:55208.0
averageallSelete:67244.0
averageallGenerate:65093.0
averageallExecute:55208.0
F:[1, 8, 2, 4, 14, 10, 44, 3, 16, 6, 4, 4, 19, 9, 4, 11, 17, 16, 4, 26, 4, 65, 2, 3, 10, 6, 8, 8, 4, 6]
T:[1, 8, 2, 4, 14, 10, 44, 3, 16, 6, 4, 4, 19, 9, 4, 11, 17, 16, 4, 26, 4, 65, 2, 3, 10, 6, 8, 8, 4, 6]
firstSeleteArray:[33146, 11990, 1411, 2820, 10930, 5643, 25740, 3879, 628011, 4233, 3174, 2819, 14811, 7405, 3878, 7404, 9875, 12342, 3173, 13396, 3527, 80395, 1410, 2117, 5994, 9521, 5641, 4935, 3526, 4584]
firstGenerateArray:[32088, 54301, 15162, 20804, 74756, 53950, 252124, 33500, 374832, 223559, 28916, 24331, 211924, 43369, 20804, 51483, 66642, 83568, 20099, 130470, 19394, 296902, 9873, 21157, 145632, 39848, 39140, 37376, 25388, 29621]
firstExecuteArray:[34909, 23627, 5289, 5642, 21510, 14457, 69466, 9168, 34906, 13400, 8110, 7053, 38786, 16925, 7758, 16573, 21512, 34908, 6348, 32438, 5995, 102262, 3880, 5642, 15514, 17278, 12693, 28564, 1325843, 9872]
allSeleteArray:[33146, 11990, 1411, 2820, 10930, 5643, 25740, 3879, 628011, 4233, 3174, 2819, 14811, 7405, 3878, 7404, 9875, 12342, 3173, 13396, 3527, 80395, 1410, 2117, 5994, 9521, 5641, 4935, 3526, 4584]
allGenerateArray:[32088, 54301, 15162, 20804, 74756, 53950, 252124, 33500, 374832, 223559, 28916, 24331, 211924, 43369, 20804, 51483, 66642, 83568, 20099, 130470, 19394, 296902, 9873, 21157, 145632, 39848, 39140, 37376, 25388, 29621]
allExecuteArray:[34909, 23627, 5289, 5642, 21510, 14457, 69466, 9168, 34906, 13400, 8110, 7053, 38786, 16925, 7758, 16573, 21512, 34908, 6348, 32438, 5995, 102262, 3880, 5642, 15514, 17278, 12693, 28564, 1325843, 9872]
averageF:11.0
averageT:11.0
averagefirstSelete:30924.0
averagefirstGenerate:82700.0
averagefirstExecute:65010.0
averageallSelete:30924.0
averageallGenerate:82700.0
averageallExecute:65010.0
F:[3, 5, 18, 13, 4, 9, 8, 27, 3, 23, 12, 3, 3, 13, 16, 7, 23, 5, 4, 8, 22, 29, 2, 3, 6, 5, 4, 14, 4, 20]
T:[3, 5, 18, 13, 4, 9, 8, 27, 3, 23, 12, 3, 3, 13, 16, 7, 23, 5, 4, 8, 22, 29, 2, 3, 6, 5, 4, 14, 4, 20]
firstSeleteArray:[46899, 4937, 11641, 9171, 2822, 4584, 4231, 12341, 2114, 9172, 5643, 2115, 1763, 7405, 7405, 3175, 10577, 2820, 2467, 6699, 11285, 12697, 1058, 1763, 4230, 4584, 2821, 17982, 3528, 13749]
firstGenerateArray:[40551, 31383, 2905214, 52540, 16573, 67350, 35968, 113187, 13048, 98031, 51129, 13752, 14105, 59946, 71934, 31737, 99441, 21510, 17983, 35967, 96264, 170669, 8816, 12693, 25741, 46194, 31383, 79691, 19041, 84977]
firstExecuteArray:[53952, 6699, 14459, 10934, 2468, 5996, 5641, 17982, 2820, 14104, 8462, 2468, 2468, 9872, 11286, 4937, 14813, 3526, 2820, 5290, 14808, 20453, 1410, 2117, 4584, 11637, 3879, 17982, 3174, 13754]
allSeleteArray:[46899, 4937, 11641, 9171, 2822, 4584, 4231, 12341, 2114, 9172, 5643, 2115, 1763, 7405, 7405, 3175, 10577, 2820, 2467, 6699, 11285, 12697, 1058, 1763, 4230, 4584, 2821, 17982, 3528, 13749]
allGenerateArray:[40551, 31383, 2905214, 52540, 16573, 67350, 35968, 113187, 13048, 98031, 51129, 13752, 14105, 59946, 71934, 31737, 99441, 21510, 17983, 35967, 96264, 170669, 8816, 12693, 25741, 46194, 31383, 79691, 19041, 84977]
allExecuteArray:[53952, 6699, 14459, 10934, 2468, 5996, 5641, 17982, 2820, 14104, 8462, 2468, 2468, 9872, 11286, 4937, 14813, 3526, 2820, 5290, 14808, 20453, 1410, 2117, 4584, 11637, 3879, 17982, 3174, 13754]
averageF:10.0
averageT:10.0
averagefirstSelete:7722.0
averagefirstGenerate:145560.0
averagefirstExecute:9826.0
averageallSelete:7722.0
averageallGenerate:145560.0
averageallExecute:9826.0
F:[6, 15, 5, 1, 4, 1, 8, 4, 1, 8, 5, 16, 2, 2, 1, 39, 12, 26, 1, 3, 3, 1, 31, 4, 12, 15, 22, 23, 2, 3]
T:[6, 15, 5, 1, 4, 1, 8, 4, 1, 8, 5, 16, 2, 2, 1, 39, 12, 26, 1, 3, 3, 1, 31, 4, 12, 15, 22, 23, 2, 3]
firstSeleteArray:[5289, 5992, 2820, 1058, 3880, 1411, 5641, 2821, 1058, 4233, 4231, 7403, 2116, 1763, 1058, 18690, 8815, 15863, 1763, 3526, 3173, 1763, 31030, 3879, 7052, 8464, 15519, 13748, 2116, 2115]
firstGenerateArray:[32088, 54302, 13399, 4937, 17279, 5289, 39847, 20805, 7052, 37731, 26093, 62764, 13752, 6700, 3526, 144219, 59945, 107549, 7405, 13752, 16574, 7405, 923854, 25742, 54656, 79693, 103316, 107195, 10226, 14457]
firstExecuteArray:[8111, 7054, 2468, 1058, 2469, 1410, 7405, 4584, 2116, 6346, 7407, 10224, 2820, 1411, 706, 22569, 9873, 19040, 2469, 2468, 3878, 2468, 37733, 5642, 8110, 11987, 32087, 16923, 2468, 2822]
allSeleteArray:[5289, 5992, 2820, 1058, 3880, 1411, 5641, 2821, 1058, 4233, 4231, 7403, 2116, 1763, 1058, 18690, 8815, 15863, 1763, 3526, 3173, 1763, 31030, 3879, 7052, 8464, 15519, 13748, 2116, 2115]
allGenerateArray:[32088, 54302, 13399, 4937, 17279, 5289, 39847, 20805, 7052, 37731, 26093, 62764, 13752, 6700, 3526, 144219, 59945, 107549, 7405, 13752, 16574, 7405, 923854, 25742, 54656, 79693, 103316, 107195, 10226, 14457]
allExecuteArray:[8111, 7054, 2468, 1058, 2469, 1410, 7405, 4584, 2116, 6346, 7407, 10224, 2820, 1411, 706, 22569, 9873, 19040, 2469, 2468, 3878, 2468, 37733, 5642, 8110, 11987, 32087, 16923, 2468, 2822]
averageF:9.0
averageT:9.0
averagefirstSelete:6276.0
averagefirstGenerate:67385.0
averagefirstExecute:8204.0
averageallSelete:6276.0
averageallGenerate:67385.0
averageallExecute:8204.0
F:[12, 30, 7, 3, 3, 1, 6, 17, 11, 3, 2, 7, 10, 4, 15, 21, 13, 15, 8, 6, 34, 20, 8, 5, 22, 18, 40, 22, 22, 7]
T:[12, 30, 7, 3, 3, 1, 6, 17, 11, 3, 2, 7, 10, 4, 15, 21, 13, 15, 8, 6, 34, 20, 8, 5, 22, 18, 40, 22, 22, 7]
firstSeleteArray:[10228, 17635, 4937, 2116, 2468, 2116, 3880, 11286, 8464, 3527, 2469, 4583, 8463, 4936, 8817, 12340, 9169, 8466, 4584, 2822, 11284, 10582, 5994, 4233, 14460, 11282, 14807, 12692, 14812, 4585]
firstGenerateArray:[71582, 145986, 31737, 14456, 15868, 5289, 29620, 74402, 116717, 14810, 9520, 33499, 128354, 99437, 64882, 242602, 65236, 66290, 35261, 16575, 83919, 90974, 37379, 21861, 100144, 94149, 96267, 101551, 92381, 33498]
firstExecuteArray:[14810, 24684, 5289, 3174, 2115, 1411, 4583, 11282, 8461, 3526, 1762, 5641, 9871, 5995, 11633, 16218, 12694, 10227, 6346, 3525, 10935, 14107, 7052, 4233, 17627, 14460, 13399, 16573, 13755, 5643]
allSeleteArray:[10228, 17635, 4937, 2116, 2468, 2116, 3880, 11286, 8464, 3527, 2469, 4583, 8463, 4936, 8817, 12340, 9169, 8466, 4584, 2822, 11284, 10582, 5994, 4233, 14460, 11282, 14807, 12692, 14812, 4585]
allGenerateArray:[71582, 145986, 31737, 14456, 15868, 5289, 29620, 74402, 116717, 14810, 9520, 33499, 128354, 99437, 64882, 242602, 65236, 66290, 35261, 16575, 83919, 90974, 37379, 21861, 100144, 94149, 96267, 101551, 92381, 33498]
allExecuteArray:[14810, 24684, 5289, 3174, 2115, 1411, 4583, 11282, 8461, 3526, 1762, 5641, 9871, 5995, 11633, 16218, 12694, 10227, 6346, 3525, 10935, 14107, 7052, 4233, 17627, 14460, 13399, 16573, 13755, 5643]
averageF:13.0
averageT:13.0
averagefirstSelete:7934.0
averagefirstGenerate:67808.0
averagefirstExecute:9367.0
averageallSelete:7934.0
averageallGenerate:67808.0
averageallExecute:9367.0
F:[5, 7, 14, 12, 2, 1, 13, 6, 2, 5, 2, 2, 13, 16, 13, 2, 5, 14, 18, 3, 48, 23, 9, 5, 2, 14, 9, 6, 6, 12]
T:[5, 7, 14, 12, 2, 1, 13, 6, 2, 5, 2, 2, 13, 16, 13, 2, 5, 14, 18, 3, 48, 23, 9, 5, 2, 14, 9, 6, 6, 12]
firstSeleteArray:[5995, 5289, 8108, 7756, 1763, 1058, 10227, 4231, 2469, 3527, 2116, 2115, 8111, 10222, 8816, 1057, 4583, 6347, 9518, 2117, 21160, 12345, 5640, 3878, 3173, 10225, 5993, 5288, 4582, 107901]
firstGenerateArray:[34205, 39495, 66997, 62766, 11989, 5289, 62415, 27153, 9167, 22921, 9521, 10578, 52891, 72641, 50073, 8463, 24332, 58534, 74752, 15162, 117067, 99433, 44077, 25390, 9168, 54303, 60650, 31382, 29971, 62766]
firstExecuteArray:[443239, 15162, 10932, 10930, 2468, 1058, 9523, 4583, 2469, 5289, 2467, 2469, 8464, 12694, 8108, 1763, 4584, 9166, 11285, 2470, 15865, 13756, 6699, 3877, 2116, 8814, 9520, 6699, 5996, 9521]
allSeleteArray:[5995, 5289, 8108, 7756, 1763, 1058, 10227, 4231, 2469, 3527, 2116, 2115, 8111, 10222, 8816, 1057, 4583, 6347, 9518, 2117, 21160, 12345, 5640, 3878, 3173, 10225, 5993, 5288, 4582, 107901]
allGenerateArray:[34205, 39495, 66997, 62766, 11989, 5289, 62415, 27153, 9167, 22921, 9521, 10578, 52891, 72641, 50073, 8463, 24332, 58534, 74752, 15162, 117067, 99433, 44077, 25390, 9168, 54303, 60650, 31382, 29971, 62766]
allExecuteArray:[443239, 15162, 10932, 10930, 2468, 1058, 9523, 4583, 2469, 5289, 2467, 2469, 8464, 12694, 8108, 1763, 4584, 9166, 11285, 2470, 15865, 13756, 6699, 3877, 2116, 8814, 9520, 6699, 5996, 9521]
averageF:9.0
averageT:9.0
averagefirstSelete:9520.0
averagefirstGenerate:41785.0
averagefirstExecute:21732.0
averageallSelete:9520.0
averageallGenerate:41785.0
averageallExecute:21732.0
F:[21, 4, 9, 2, 9, 2, 5, 7, 2, 3, 8, 16, 10, 3, 12, 12, 8, 3, 3, 6, 4, 1, 8, 1, 3, 2, 12, 3, 4, 1]
T:[21, 4, 9, 2, 9, 2, 5, 7, 2, 3, 8, 16, 10, 3, 12, 12, 8, 3, 3, 6, 4, 1, 8, 1, 3, 2, 12, 3, 4, 1]
firstSeleteArray:[13754, 5641, 6346, 1763, 6346, 1410, 3174, 2469, 3879, 2117, 3876, 8463, 7406, 1764, 7052, 5994, 4586, 2116, 1763, 11990, 2468, 1057, 4232, 1410, 2117, 1411, 9520, 2821, 2470, 353]
firstGenerateArray:[84626, 19041, 40198, 6346, 23275, 5994, 15513, 18336, 5643, 12342, 39492, 67349, 67348, 14105, 55008, 55010, 36671, 14457, 14457, 26445, 17983, 5995, 32440, 4937, 14810, 12694, 67351, 15867, 20805, 4937]
firstExecuteArray:[14813, 3526, 6347, 1411, 3524, 705, 2821, 2468, 1057, 1763, 6700, 10931, 15163, 2821, 8816, 8462, 5643, 2115, 2115, 3173, 2822, 1058, 5291, 1058, 3174, 2116, 15161, 2116, 2820, 1410]
allSeleteArray:[13754, 5641, 6346, 1763, 6346, 1410, 3174, 2469, 3879, 2117, 3876, 8463, 7406, 1764, 7052, 5994, 4586, 2116, 1763, 11990, 2468, 1057, 4232, 1410, 2117, 1411, 9520, 2821, 2470, 353]
allGenerateArray:[84626, 19041, 40198, 6346, 23275, 5994, 15513, 18336, 5643, 12342, 39492, 67349, 67348, 14105, 55008, 55010, 36671, 14457, 14457, 26445, 17983, 5995, 32440, 4937, 14810, 12694, 67351, 15867, 20805, 4937]
allExecuteArray:[14813, 3526, 6347, 1411, 3524, 705, 2821, 2468, 1057, 1763, 6700, 10931, 15163, 2821, 8816, 8462, 5643, 2115, 2115, 3173, 2822, 1058, 5291, 1058, 3174, 2116, 15161, 2116, 2820, 1410]
averageF:6.0
averageT:6.0
averagefirstSelete:4325.0
averagefirstGenerate:27315.0
averagefirstExecute:4713.0
averageallSelete:4325.0
averageallGenerate:27315.0
averageallExecute:4713.0
F:[4, 2, 1, 32, 1, 3, 6, 3, 1, 28, 4, 8, 7, 5, 3, 20, 23, 5, 9, 3, 1, 30, 5, 13, 13, 4, 2, 16, 6, 7]
T:[4, 2, 1, 32, 1, 3, 6, 3, 1, 28, 4, 8, 7, 5, 3, 20, 23, 5, 9, 3, 1, 30, 5, 13, 13, 4, 2, 16, 6, 7]
firstSeleteArray:[3527, 1411, 705, 16571, 1058, 1763, 2466, 2117, 1057, 15866, 2115, 4935, 4230, 2822, 2115, 11282, 9519, 3173, 6699, 2469, 1058, 14811, 6348, 7403, 6347, 3879, 1763, 8815, 4586, 5640]
firstGenerateArray:[22568, 9521, 5642, 145632, 5994, 15514, 28208, 14105, 4937, 249302, 19747, 40198, 33851, 126589, 13399, 84628, 84628, 25037, 52889, 16573, 24684, 124121, 23977, 56066, 290555, 21157, 10225, 68409, 52893, 32438]
firstExecuteArray:[5993, 2116, 1058, 22216, 1410, 3175, 4936, 2820, 1058, 19038, 3172, 6347, 5290, 4585, 2469, 14107, 11637, 5995, 9875, 2468, 1058, 22569, 4584, 8814, 9166, 3879, 2115, 11282, 5289, 5291]
allSeleteArray:[3527, 1411, 705, 16571, 1058, 1763, 2466, 2117, 1057, 15866, 2115, 4935, 4230, 2822, 2115, 11282, 9519, 3173, 6699, 2469, 1058, 14811, 6348, 7403, 6347, 3879, 1763, 8815, 4586, 5640]
allGenerateArray:[22568, 9521, 5642, 145632, 5994, 15514, 28208, 14105, 4937, 249302, 19747, 40198, 33851, 126589, 13399, 84628, 84628, 25037, 52889, 16573, 24684, 124121, 23977, 56066, 290555, 21157, 10225, 68409, 52893, 32438]
allExecuteArray:[5993, 2116, 1058, 22216, 1410, 3175, 4936, 2820, 1058, 19038, 3172, 6347, 5290, 4585, 2469, 14107, 11637, 5995, 9875, 2468, 1058, 22569, 4584, 8814, 9166, 3879, 2115, 11282, 5289, 5291]
averageF:8.0
averageT:8.0
averagefirstSelete:5218.0
averagefirstGenerate:56782.0
averagefirstExecute:6793.0
averageallSelete:5218.0
averageallGenerate:56782.0
averageallExecute:6793.0
F:[12, 9, 7, 4, 9, 5, 8, 20, 1, 3, 3, 17, 7, 6, 9, 3, 1, 6, 11, 5, 3, 3, 13, 2, 11, 2, 9, 5, 1, 5]
T:[12, 9, 7, 4, 9, 5, 8, 20, 1, 3, 3, 17, 7, 6, 9, 3, 1, 6, 11, 5, 3, 3, 13, 2, 11, 2, 9, 5, 1, 5]
firstSeleteArray:[9876, 4585, 4937, 3879, 6700, 3877, 7052, 13399, 1410, 2115, 2469, 10929, 4232, 4231, 5995, 2820, 1763, 15515, 8814, 3526, 2822, 3526, 8815, 1763, 6345, 1410, 4584, 2821, 705, 538094]
firstGenerateArray:[63470, 39143, 45135, 22568, 41258, 26446, 60649, 88505, 5289, 12696, 233433, 71933, 28916, 29267, 39494, 16927, 8462, 76518, 55008, 26094, 14809, 1254967, 133644, 10226, 50071, 8462, 38082, 22216, 5290, 27504]
firstExecuteArray:[12343, 8108, 8463, 4936, 5993, 4937, 8815, 13754, 1410, 2820, 5290, 11990, 4229, 4582, 6346, 3173, 2116, 43019, 9874, 4583, 2116, 5995, 9876, 2115, 8817, 2116, 5288, 3527, 1057, 16927]
allSeleteArray:[9876, 4585, 4937, 3879, 6700, 3877, 7052, 13399, 1410, 2115, 2469, 10929, 4232, 4231, 5995, 2820, 1763, 15515, 8814, 3526, 2822, 3526, 8815, 1763, 6345, 1410, 4584, 2821, 705, 538094]
allGenerateArray:[63470, 39143, 45135, 22568, 41258, 26446, 60649, 88505, 5289, 12696, 233433, 71933, 28916, 29267, 39494, 16927, 8462, 76518, 55008, 26094, 14809, 1254967, 133644, 10226, 50071, 8462, 38082, 22216, 5290, 27504]
allExecuteArray:[12343, 8108, 8463, 4936, 5993, 4937, 8815, 13754, 1410, 2820, 5290, 11990, 4229, 4582, 6346, 3173, 2116, 43019, 9874, 4583, 2116, 5995, 9876, 2115, 8817, 2116, 5288, 3527, 1057, 16927]
averageF:6.0
averageT:6.0
averagefirstSelete:22966.0
averagefirstGenerate:85216.0
averagefirstExecute:7487.0
averageallSelete:22966.0
averageallGenerate:85216.0
averageallExecute:7487.0
F:[16, 7, 1, 14, 5, 1, 3, 2, 7, 8, 17, 11, 17, 23, 10, 22, 19, 17, 4, 14, 2, 34, 10, 8, 13, 12, 3, 29, 6, 7]
T:[16, 7, 1, 14, 5, 1, 3, 2, 7, 8, 17, 11, 17, 23, 10, 22, 19, 17, 4, 14, 2, 34, 10, 8, 13, 12, 3, 29, 6, 7]
firstSeleteArray:[11288, 5289, 1058, 15869, 3879, 1763, 3526, 705, 4937, 4583, 11635, 7053, 9166, 13396, 7756, 13753, 11281, 9166, 2821, 8463, 1411, 33850, 6348, 4584, 5642, 6702, 2116, 14462, 3879, 4232]
firstGenerateArray:[63118, 32794, 5289, 88507, 26447, 5994, 14457, 10579, 28563, 30327, 70877, 43373, 65937, 93091, 42314, 95560, 81455, 68407, 19395, 62059, 9873, 228499, 46544, 38787, 56070, 51479, 14810, 122003, 26445, 27858]
firstExecuteArray:[10932, 5993, 1411, 10931, 4584, 1058, 2468, 4232, 4583, 4936, 11635, 5642, 84279, 15868, 7757, 14457, 12696, 10582, 2820, 9874, 1763, 22215, 6700, 6347, 8108, 7054, 1763, 17632, 4232, 3879]
allSeleteArray:[11288, 5289, 1058, 15869, 3879, 1763, 3526, 705, 4937, 4583, 11635, 7053, 9166, 13396, 7756, 13753, 11281, 9166, 2821, 8463, 1411, 33850, 6348, 4584, 5642, 6702, 2116, 14462, 3879, 4232]
allGenerateArray:[63118, 32794, 5289, 88507, 26447, 5994, 14457, 10579, 28563, 30327, 70877, 43373, 65937, 93091, 42314, 95560, 81455, 68407, 19395, 62059, 9873, 228499, 46544, 38787, 56070, 51479, 14810, 122003, 26445, 27858]
allExecuteArray:[10932, 5993, 1411, 10931, 4584, 1058, 2468, 4232, 4583, 4936, 11635, 5642, 84279, 15868, 7757, 14457, 12696, 10582, 2820, 9874, 1763, 22215, 6700, 6347, 8108, 7054, 1763, 17632, 4232, 3879]
averageF:11.0
averageT:11.0
averagefirstSelete:7687.0
averagefirstGenerate:52363.0
averagefirstExecute:10214.0
averageallSelete:7687.0
averageallGenerate:52363.0
averageallExecute:10214.0
F:[1, 15, 12, 25, 10, 1, 10, 6, 20, 27, 5, 9, 2, 1, 11, 22, 2, 13, 9, 8, 7, 4, 18, 3, 23, 8, 4, 2, 5, 12]
T:[1, 15, 12, 25, 10, 1, 10, 6, 20, 27, 5, 9, 2, 1, 11, 22, 2, 13, 9, 8, 7, 4, 18, 3, 23, 8, 4, 2, 5, 12]
firstSeleteArray:[1763, 9521, 9520, 12342, 6344, 1058, 7054, 5994, 12342, 17983, 3174, 5288, 1410, 5995, 10933, 13045, 2116, 8462, 4936, 5288, 3529, 2468, 11636, 5288, 14458, 4935, 4937, 1764, 2821, 5642]
firstGenerateArray:[10225, 71228, 47957, 103670, 150567, 5642, 46192, 703119, 93445, 116717, 20803, 33852, 10931, 7405, 75109, 135050, 11989, 83924, 65589, 55362, 74052, 27505, 127295, 24684, 147748, 51834, 25036, 14104, 33147, 72289]
firstExecuteArray:[3174, 11283, 7404, 14105, 7052, 1058, 8110, 6701, 20450, 19393, 3526, 4938, 2469, 1763, 17983, 14811, 1763, 7404, 8460, 13401, 5641, 2820, 13049, 5642, 15163, 6347, 3175, 2821, 3878, 6700]
allSeleteArray:[1763, 9521, 9520, 12342, 6344, 1058, 7054, 5994, 12342, 17983, 3174, 5288, 1410, 5995, 10933, 13045, 2116, 8462, 4936, 5288, 3529, 2468, 11636, 5288, 14458, 4935, 4937, 1764, 2821, 5642]
allGenerateArray:[10225, 71228, 47957, 103670, 150567, 5642, 46192, 703119, 93445, 116717, 20803, 33852, 10931, 7405, 75109, 135050, 11989, 83924, 65589, 55362, 74052, 27505, 127295, 24684, 147748, 51834, 25036, 14104, 33147, 72289]
allExecuteArray:[3174, 11283, 7404, 14105, 7052, 1058, 8110, 6701, 20450, 19393, 3526, 4938, 2469, 1763, 17983, 14811, 1763, 7404, 8460, 13401, 5641, 2820, 13049, 5642, 15163, 6347, 3175, 2821, 3878, 6700]
averageF:9.0
averageT:9.0
averagefirstSelete:6734.0
averagefirstGenerate:81549.0
averagefirstExecute:8016.0
averageallSelete:6734.0
averageallGenerate:81549.0
averageallExecute:8016.0
