F:[9, 6, 7, 6, 25, 16, 6, 10, 5, 17, 3, 4, 2, 1, 2, 19, 9, 9, 13, 17, 29, 22, 11, 7, 29, 28, 17, 3, 16, 17]
T:[9, 6, 7, 6, 25, 16, 6, 10, 5, 17, 3, 4, 2, 1, 2, 19, 9, 9, 13, 17, 29, 22, 11, 7, 29, 28, 17, 3, 16, 17]
firstSeleteArray:[141047, 41611, 68054, 51131, 186885, 138224, 21860, 38084, 19040, 51135, 8814, 18336, 6700, 2821, 9873, 61712, 28913, 35967, 46194, 59239, 86743, 63117, 33148, 19043, 108962, 27857, 22216, 7052, 11570792, 18688]
firstGenerateArray:[2714098, 576882, 220385, 151627, 1381908, 304306, 119538, 167139, 103670, 327586, 45841, 63471, 33146, 16926, 39140, 378711, 130115, 166436, 184771, 253181, 674909, 223910, 110018, 65235, 278922, 246478, 139989, 41962, 211218, 138579]
firstExecuteArray:[3044147, 69467, 55361, 53245, 614613, 441121, 50426, 342743, 41257, 922800, 19746, 32089, 14456, 7757, 18336, 129760, 70170, 63471, 74049, 100495, 164321, 80044, 46545, 26095, 128703, 86746, 55010, 13753, 50426, 60652]
allSeleteArray:[141047, 41611, 68054, 51131, 186885, 138224, 21860, 38084, 19040, 51135, 8814, 18336, 6700, 2821, 9873, 61712, 28913, 35967, 46194, 59239, 86743, 63117, 33148, 19043, 108962, 27857, 22216, 7052, 11570792, 18688]
allGenerateArray:[2714098, 576882, 220385, 151627, 1381908, 304306, 119538, 167139, 103670, 327586, 45841, 63471, 33146, 16926, 39140, 378711, 130115, 166436, 184771, 253181, 674909, 223910, 110018, 65235, 278922, 246478, 139989, 41962, 211218, 138579]
allExecuteArray:[3044147, 69467, 55361, 53245, 614613, 441121, 50426, 342743, 41257, 922800, 19746, 32089, 14456, 7757, 18336, 129760, 70170, 63471, 74049, 100495, 164321, 80044, 46545, 26095, 128703, 86746, 55010, 13753, 50426, 60652]
averageF:12.0
averageT:12.0
averagefirstSelete:433108.0
averagefirstGenerate:317003.0
averagefirstExecute:229260.0
averageallSelete:433108.0
averageallGenerate:317003.0
averageallExecute:229260.0
