F:[3, 1, 15, 17, 14, 10, 11, 14, 23, 10, 6, 4, 3, 2, 6, 44, 2, 1, 4, 5, 3, 9, 28, 17, 3, 17, 28, 71, 9, 28]
T:[3, 1, 15, 17, 14, 10, 11, 14, 23, 10, 6, 4, 3, 2, 6, 44, 2, 1, 4, 5, 3, 9, 28, 17, 3, 17, 28, 71, 9, 28]
firstSeleteArray:[51128, 10578, 132231, 155152, 421380, 65234, 61352, 71581, 110011, 44784, 32794, 22921, 18336, 12695, 39141, 1687983, 456991, 4232, 8110, 14104, 6347, 26447, 142457, 77574, 6700, 37731, 51831, 1194666, 15866, 69818]
firstGenerateArray:[2581160, 168903, 2727143, 1579372, 4083309, 808905, 776463, 912577, 3643594, 400220, 276099, 277862, 162910, 93796, 275395, 2000754, 54303, 24684, 77930, 1122381, 60650, 192531, 550790, 331463, 63119, 6847130, 323351, 907989, 107195, 348384]
firstExecuteArray:[149157, 13400, 4623522, 178778, 115659, 100497, 203810, 148100, 152331, 60651, 39142, 34557, 22567, 14458, 41258, 799383, 22567, 7053, 30676, 1527186, 27505, 1630150, 107199, 62414, 13401, 72991, 106490, 397400, 33499, 95913]
allSeleteArray:[51128, 10578, 132231, 155152, 421380, 65234, 61352, 71581, 110011, 44784, 32794, 22921, 18336, 12695, 39141, 1687983, 456991, 4232, 8110, 14104, 6347, 26447, 142457, 77574, 6700, 37731, 51831, 1194666, 15866, 69818]
allGenerateArray:[2581160, 168903, 2727143, 1579372, 4083309, 808905, 776463, 912577, 3643594, 400220, 276099, 277862, 162910, 93796, 275395, 2000754, 54303, 24684, 77930, 1122381, 60650, 192531, 550790, 331463, 63119, 6847130, 323351, 907989, 107195, 348384]
allExecuteArray:[149157, 13400, 4623522, 178778, 115659, 100497, 203810, 148100, 152331, 60651, 39142, 34557, 22567, 14458, 41258, 799383, 22567, 7053, 30676, 1527186, 27505, 1630150, 107199, 62414, 13401, 72991, 106490, 397400, 33499, 95913]
averageF:13.0
averageT:13.0
averagefirstSelete:168339.0
averagefirstGenerate:1059345.0
averagefirstExecute:361057.0
averageallSelete:168339.0
averageallGenerate:1059345.0
averageallExecute:361057.0
F:[12, 5, 22, 16, 1, 51, 9, 11, 2, 11, 1, 2, 13, 4, 3, 17, 13, 8, 28, 3, 9, 7, 1, 18, 9, 1, 25, 1, 7, 9]
T:[12, 5, 22, 16, 1, 51, 9, 11, 2, 11, 1, 2, 13, 4, 3, 17, 13, 8, 28, 3, 9, 7, 1, 18, 9, 1, 25, 1, 7, 9]
firstSeleteArray:[181243, 37729, 239427, 204873, 8110, 272926, 27505, 47247, 14457, 34203, 4232, 6700, 43019, 15164, 11284, 50775, 218621, 31736, 104728, 10226, 34910, 13399, 2468, 33851, 15514, 2821, 38083, 2821, 12694, 24685]
firstGenerateArray:[15203457, 2494418, 3404170, 2932366, 435130, 5874963, 452055, 900232, 307482, 526809, 63471, 70876, 638593, 177720, 113190, 496836, 732034, 165025, 541268, 60296, 135405, 124122, 22215, 279627, 154798, 24330, 444299, 19394, 120242, 553256]
firstExecuteArray:[7641574, 46193, 381179, 132936, 10578, 3701777, 58535, 107550, 17278, 72287, 7405, 12694, 85688, 29269, 19394, 103317, 89564, 74753, 212981, 19042, 40553, 43020, 6347, 191471, 46900, 7757, 124471, 10226, 39142, 115657]
allSeleteArray:[181243, 37729, 239427, 204873, 8110, 272926, 27505, 47247, 14457, 34203, 4232, 6700, 43019, 15164, 11284, 50775, 218621, 31736, 104728, 10226, 34910, 13399, 2468, 33851, 15514, 2821, 38083, 2821, 12694, 24685]
allGenerateArray:[15203457, 2494418, 3404170, 2932366, 435130, 5874963, 452055, 900232, 307482, 526809, 63471, 70876, 638593, 177720, 113190, 496836, 732034, 165025, 541268, 60296, 135405, 124122, 22215, 279627, 154798, 24330, 444299, 19394, 120242, 553256]
allExecuteArray:[7641574, 46193, 381179, 132936, 10578, 3701777, 58535, 107550, 17278, 72287, 7405, 12694, 85688, 29269, 19394, 103317, 89564, 74753, 212981, 19042, 40553, 43020, 6347, 191471, 46900, 7757, 124471, 10226, 39142, 115657]
averageF:10.0
averageT:10.0
averagefirstSelete:58181.0
averagefirstGenerate:1248935.0
averagefirstExecute:448317.0
averageallSelete:58181.0
averageallGenerate:1248935.0
averageallExecute:448317.0
