F:[3, 11, 2, 2, 1, 2, 2, 8, 3, 3, 8, 7, 4, 2, 1, 21, 2, 2, 7, 12, 24, 3, 2, 5, 4, 13, 14, 16, 2, 3]
T:[3, 11, 2, 2, 1, 2, 2, 8, 3, 3, 8, 7, 4, 2, 1, 21, 2, 2, 7, 12, 24, 3, 2, 5, 4, 13, 14, 16, 2, 3]
firstSeleteArray:[53245, 115658, 17631, 13400, 10226, 23273, 10579, 58886, 22568, 22920, 427373, 43370, 24332, 14458, 7405, 116362, 11636, 9168, 44429, 87448, 113190, 28563, 13399, 25388, 37377, 55362, 50423, 51834, 7052, 11988]
firstGenerateArray:[18231737, 977105, 45487, 68761, 32441, 37730, 44431, 258469, 82512, 772232, 238368, 306073, 102260, 289852, 23625, 1233103, 39141, 42314, 152330, 297963, 429131, 198877, 33498, 87802, 76518, 480266, 509883, 296552, 31030, 44077]
firstExecuteArray:[161146, 3654175, 23978, 21863, 9874, 12695, 18337, 329344, 32087, 34908, 88508, 62766, 31734, 17984, 8816, 933730, 24331, 450646, 57831, 111074, 211924, 164673, 16925, 76519, 40550, 82864, 287030, 160089, 17632, 24683]
allSeleteArray:[53245, 115658, 17631, 13400, 10226, 23273, 10579, 58886, 22568, 22920, 427373, 43370, 24332, 14458, 7405, 116362, 11636, 9168, 44429, 87448, 113190, 28563, 13399, 25388, 37377, 55362, 50423, 51834, 7052, 11988]
allGenerateArray:[18231737, 977105, 45487, 68761, 32441, 37730, 44431, 258469, 82512, 772232, 238368, 306073, 102260, 289852, 23625, 1233103, 39141, 42314, 152330, 297963, 429131, 198877, 33498, 87802, 76518, 480266, 509883, 296552, 31030, 44077]
allExecuteArray:[161146, 3654175, 23978, 21863, 9874, 12695, 18337, 329344, 32087, 34908, 88508, 62766, 31734, 17984, 8816, 933730, 24331, 450646, 57831, 111074, 211924, 164673, 16925, 76519, 40550, 82864, 287030, 160089, 17632, 24683]
averageF:6.0
averageT:6.0
averagefirstSelete:50964.0
averagefirstGenerate:848785.0
averagefirstExecute:238957.0
averageallSelete:50964.0
averageallGenerate:848785.0
averageallExecute:238957.0
