F:[7, 2, 3, 2, 18, 10, 2, 27, 16, 19, 7, 14, 10, 4, 5, 2, 3, 1, 1, 7, 1, 4, 3, 7, 3, 1, 3, 5, 7, 5]
T:[7, 2, 3, 2, 18, 10, 2, 27, 16, 19, 7, 14, 10, 4, 5, 2, 3, 1, 1, 7, 1, 4, 3, 7, 3, 1, 3, 5, 7, 5]
firstSeleteArray:[78633, 54656, 15161, 11989, 528926, 58885, 13399, 133290, 72990, 67352, 28914, 62412, 25034, 9167, 10932, 4937, 7406, 4936, 3174, 17278, 4232, 9874, 7404, 16219, 7053, 52892, 7758, 15869, 14104, 7758]
firstGenerateArray:[5822421, 164319, 208043, 215449, 2018381, 852982, 118480, 2077976, 768353, 2925668, 306778, 479206, 453114, 119538, 158323, 61003, 131526, 50776, 54656, 226027, 63119, 137873, 80751, 302193, 90270, 25388, 50424, 133995, 110367, 54303]
firstExecuteArray:[162557, 2618889, 19042, 17984, 197113, 107548, 16573, 252123, 161147, 150919, 59944, 87803, 65941, 28915, 37731, 18688, 24684, 8463, 11284, 57477, 20099, 30678, 19747, 55360, 22568, 8110, 13399, 84981, 47954, 20453]
allSeleteArray:[78633, 54656, 15161, 11989, 528926, 58885, 13399, 133290, 72990, 67352, 28914, 62412, 25034, 9167, 10932, 4937, 7406, 4936, 3174, 17278, 4232, 9874, 7404, 16219, 7053, 52892, 7758, 15869, 14104, 7758]
allGenerateArray:[5822421, 164319, 208043, 215449, 2018381, 852982, 118480, 2077976, 768353, 2925668, 306778, 479206, 453114, 119538, 158323, 61003, 131526, 50776, 54656, 226027, 63119, 137873, 80751, 302193, 90270, 25388, 50424, 133995, 110367, 54303]
allExecuteArray:[162557, 2618889, 19042, 17984, 197113, 107548, 16573, 252123, 161147, 150919, 59944, 87803, 65941, 28915, 37731, 18688, 24684, 8463, 11284, 57477, 20099, 30678, 19747, 55360, 22568, 8110, 13399, 84981, 47954, 20453]
averageF:6.0
averageT:6.0
averagefirstSelete:45087.0
averagefirstGenerate:608723.0
averagefirstExecute:147605.0
averageallSelete:45087.0
averageallGenerate:608723.0
averageallExecute:147605.0
