F:[5, 10, 3, 8, 29, 2, 3, 3, 5, 5, 1, 42, 3, 5, 2, 3, 2, 17, 4, 8, 33, 7, 1, 2, 2, 30, 1, 44, 4, 17]
T:[5, 10, 3, 8, 29, 2, 3, 3, 5, 5, 1, 42, 3, 5, 2, 3, 2, 17, 4, 8, 33, 7, 1, 2, 2, 30, 1, 44, 4, 17]
firstSeleteArray:[76166, 85332, 22214, 50425, 357906, 16221, 26094, 19041, 426315, 21863, 8110, 183010, 16221, 24683, 15515, 822303, 7405, 68056, 18688, 44782, 87450, 75108, 4584, 13753, 31383, 75458, 3174, 135751, 9873, 45487]
firstGenerateArray:[6862289, 757424, 524695, 538801, 2062108, 45135, 294083, 66646, 228142, 111075, 22215, 3539572, 50071, 117774, 40903, 828298, 66997, 4647849, 64176, 124123, 386114, 88506, 13399, 231669, 117422, 341334, 9168, 406922, 31382, 107903]
firstExecuteArray:[208044, 3527585, 44077, 147746, 729214, 21157, 544087, 77222, 63471, 69114, 11989, 1822681, 32088, 51130, 29267, 288088, 40551, 515525, 49366, 106841, 271161, 54654, 11637, 49367, 148099, 149159, 5642, 230263, 16574, 116367]
allSeleteArray:[76166, 85332, 22214, 50425, 357906, 16221, 26094, 19041, 426315, 21863, 8110, 183010, 16221, 24683, 15515, 822303, 7405, 68056, 18688, 44782, 87450, 75108, 4584, 13753, 31383, 75458, 3174, 135751, 9873, 45487]
allGenerateArray:[6862289, 757424, 524695, 538801, 2062108, 45135, 294083, 66646, 228142, 111075, 22215, 3539572, 50071, 117774, 40903, 828298, 66997, 4647849, 64176, 124123, 386114, 88506, 13399, 231669, 117422, 341334, 9168, 406922, 31382, 107903]
allExecuteArray:[208044, 3527585, 44077, 147746, 729214, 21157, 544087, 77222, 63471, 69114, 11989, 1822681, 32088, 51130, 29267, 288088, 40551, 515525, 49366, 106841, 271161, 54654, 11637, 49367, 148099, 149159, 5642, 230263, 16574, 116367]
averageF:10.0
averageT:10.0
averagefirstSelete:93079.0
averagefirstGenerate:757539.0
averagefirstExecute:314405.0
averageallSelete:93079.0
averageallGenerate:757539.0
averageallExecute:314405.0
