F:[36, 8, 133, 64, 34, 17, 43, 64, 15, 4, 13, 16, 1, 6, 27, 4, 22, 47, 6, 29, 6, 60, 39, 100, 19, 39, 28, 61, 29, 35]
T:[92, 232, 317, 180, 152, 57, 57, 150, 41, 57, 125, 292, 156, 53, 388, 29, 301, 179, 179, 119, 8, 62, 129, 165, 180, 240, 117, 66, 204, 180]
firstSeleteArray:[13972, 4845, 108624, 27939, 20242, 22810, 33924, 44196, 16538, 3706, 8839, 7986, 855, 3420, 21095, 2280, 8840, 37066, 3991, 23950, 4563, 41911, 29654, 38772, 7697, 13114, 8837, 53312, 22239, 11975]
firstGenerateArray:[606700, 128011, 2467552, 835641, 623235, 469849, 927439, 1110759, 467570, 65857, 172770, 203562, 8837, 54171, 502341, 45903, 244904, 932567, 95222, 414534, 115751, 963069, 696504, 3637059, 191589, 381180, 321307, 1073681, 434495, 382042]
firstExecuteArray:[114046, 22806, 518027, 172769, 111183, 89519, 205858, 252876, 74125, 11404, 34500, 42193, 3137, 16536, 117466, 12829, 59868, 210982, 25377, 129151, 25944, 262307, 173340, 259144, 58159, 96648, 71276, 283117, 128585, 87235]
allSeleteArray:[38205, 87811, 190453, 72129, 139982, 58161, 42476, 100929, 46475, 57017, 56449, 112046, 58441, 33067, 174771, 12827, 135421, 126305, 100359, 74126, 6559, 43622, 81828, 58157, 57873, 73554, 45041, 56732, 103494, 61867]
allGenerateArray:[1016677, 1165220, 3430056, 1490520, 2229778, 828510, 1110190, 1866846, 720742, 717603, 638342, 1582020, 722160, 497508, 2396547, 199005, 1783893, 2640616, 1161788, 1023227, 138557, 987588, 1496785, 4175902, 854174, 1403272, 1111036, 1105042, 2270271, 1395860]
allExecuteArray:[203854, 242622, 716455, 284816, 433065, 179616, 243494, 408543, 117172, 137988, 128584, 307059, 162220, 122592, 524580, 51314, 371483, 595014, 264010, 280537, 33642, 269717, 385165, 360922, 204703, 316462, 254884, 292239, 492653, 319587]
averageF:33.0
averageT:150.0
averagefirstSelete:21573.0
averagefirstGenerate:619136.0
averagefirstExecute:122346.0
averageallSelete:76872.0
averageallGenerate:1405324.0
averageallExecute:290166.0