F:[3, 2, 13, 5, 3, 9, 37, 6, 9, 5, 4, 5, 10, 4, 1, 2, 18, 3, 2, 4, 2, 2, 5, 13, 16, 7, 11, 4, 11, 2]
T:[653, 703, 378, 327, 955, 546, 454, 546, 766, 375, 623, 385, 360, 474, 1004, 341, 735, 251, 839, 445, 278, 484, 289, 282, 741, 551, 402, 382, 283, 467]
firstSeleteArray:[416250, 2850, 15967, 3707, 2281, 5702, 33929, 3421, 5131, 3992, 1712, 2281, 4562, 2280, 855, 1140, 14258, 1710, 1140, 2852, 1425, 855, 1995, 4275, 6558, 2851, 3138, 2851, 3993, 1427]
firstGenerateArray:[5484220, 455309, 1297489, 209837, 115742, 424795, 1917318, 262581, 384608, 366355, 150537, 193575, 506057, 268567, 76409, 115185, 2315027, 259157, 105485, 314470, 49325, 61013, 193301, 561362, 853880, 422806, 498922, 256309, 459009, 130292]
firstExecuteArray:[482392, 202416, 621520, 161936, 101216, 271416, 1071700, 158520, 207830, 195020, 103207, 157389, 242053, 153383, 79257, 73841, 682802, 122876, 42481, 185029, 52174, 63576, 92652, 178187, 232929, 139127, 133437, 103489, 116046, 76124]
allSeleteArray:[1228206, 564504, 243752, 124881, 304208, 327865, 232070, 260868, 345831, 127444, 141983, 90661, 113754, 101196, 270853, 148256, 254595, 65859, 191322, 129714, 72415, 106910, 88952, 111200, 197859, 163921, 129727, 110049, 80400, 112050]
allGenerateArray:[47784797, 24110465, 14902835, 4570736, 7832007, 10948766, 6838732, 7004098, 7856824, 7708571, 6057285, 6534802, 6429909, 4267131, 9931522, 8640578, 13185978, 4413659, 8418788, 7276383, 5098487, 5615943, 7481644, 6270533, 8860066, 9593937, 6933952, 5405820, 4305574, 5171484]
allExecuteArray:[18977785, 12168723, 5591406, 2189853, 3539529, 3926113, 2511771, 1848617, 2007409, 2043635, 1616536, 1347702, 1643012, 948554, 2228047, 1623094, 3150648, 819097, 1153796, 1718585, 1063691, 1134989, 1581441, 1289802, 1757380, 1323180, 1054285, 911476, 625266, 819948]
averageF:7.0
averageT:510.0
averagefirstSelete:18512.0
averagefirstGenerate:623631.0
averagefirstExecute:216800.0
averageallSelete:214710.0
averageallGenerate:9315043.0
averageallExecute:2753845.0

F:[6, 9, 3, 3, 2, 106, 5, 18, 24, 40, 29, 48, 5, 7, 27, 1, 3, 7, 35, 18, 128, 27, 12, 7, 31, 39, 20, 33, 3, 7]
T:[44, 70, 22, 94, 11, 151, 107, 20, 27, 46, 56, 65, 49, 56, 60, 8, 3, 31, 56, 19, 138, 46, 17, 154, 164, 50, 23, 58, 32, 9]
firstSeleteArray:[101907, 50071, 13400, 10931, 11989, 341339, 16927, 23624, 34910, 69823, 36670, 57129, 7052, 9166, 28915, 3173, 4232, 10576, 44787, 22920, 166085, 42319, 23626, 7404, 38437, 62054, 22923, 39145, 4937, 6701]
firstGenerateArray:[4575919, 1498979, 300432, 418205, 590282, 3966951, 155152, 495428, 777168, 1232401, 756721, 1254964, 118127, 171372, 714049, 34557, 71229, 203813, 990149, 576175, 5007866, 893177, 272571, 152331, 709114, 8743498, 462636, 730623, 63119, 115306]
firstExecuteArray:[293732, 591338, 35967, 47251, 27856, 1324773, 41608, 88861, 126240, 414681, 150213, 232025, 27856, 33855, 116714, 8463, 14104, 34557, 157271, 151625, 1110397, 896357, 59592, 32442, 206284, 216858, 82161, 176308, 21509, 27504]
allSeleteArray:[354377, 358612, 61711, 264107, 38436, 488729, 157265, 25740, 37730, 76170, 57469, 72998, 43022, 49720, 62418, 9170, 4232, 37023, 74408, 24330, 175606, 62772, 28917, 182299, 222152, 70871, 25040, 58185, 36317, 8464]
allGenerateArray:[9858126, 6657069, 1062793, 5690891, 946073, 4584037, 1462655, 539152, 813841, 1312446, 1059621, 1492978, 574064, 888596, 1856177, 123415, 83924, 546206, 5203578, 603679, 5150674, 1178798, 329694, 2605499, 3267354, 8855983, 509534, 959822, 353324, 141047]
allExecuteArray:[4003978, 1390721, 156212, 598745, 84977, 1440783, 258116, 98030, 135409, 433723, 218619, 267992, 110015, 134354, 190415, 24685, 16219, 90269, 232023, 156562, 1136493, 951717, 75460, 373771, 878375, 239071, 89918, 282799, 144922, 33850]
averageF:23.0
averageT:56.0
averagefirstSelete:43772.0
averagefirstGenerate:1201743.0
averagefirstExecute:224946.0
averageallSelete:105609.0
averageallGenerate:2290368.0
averageallExecute:474940.0
F:[43, 27, 13, 22, 1, 82, 2, 29, 25, 18, 21, 16, 5, 53, 59, 1, 3, 1, 10, 2, 23, 3, 13, 10, 2, 2, 4, 6, 4, 20]
T:[89, 116, 19, 25, 49, 104, 132, 140, 37, 331, 41, 168, 239, 62, 61, 236, 132, 21, 37, 2, 112, 18, 256, 82, 27, 122, 94, 141, 33, 50]
firstSeleteArray:[4538188, 114956, 35968, 197818, 3527, 194644, 3526, 44078, 30674, 26094, 22567, 37380, 11636, 52544, 55362, 2116, 4935, 1764, 9170, 6346, 17983, 3879, 16926, 8465, 2468, 2468, 4233, 6700, 4937, 17630]
firstGenerateArray:[13560616, 2992666, 514116, 1193965, 19042, 2752187, 46193, 838169, 665736, 538447, 572651, 956653, 131879, 5005398, 1650606, 19394, 109662, 23626, 181244, 34204, 421378, 40197, 224617, 146337, 22920, 28562, 54655, 88508, 61708, 257060]
firstExecuteArray:[12012264, 321587, 177363, 292326, 6347, 1334656, 14105, 153388, 1449964, 230969, 169961, 150564, 27153, 284920, 278569, 3526, 16573, 11636, 41257, 12695, 79685, 14812, 123060, 41962, 6348, 5642, 10579, 16572, 39845, 61354]
allSeleteArray:[4723312, 516938, 53953, 202402, 83924, 224619, 197103, 147035, 41253, 419249, 39846, 175258, 186538, 57835, 56772, 597330, 139285, 27856, 29268, 6346, 83572, 17631, 229205, 67704, 14809, 98025, 60654, 115659, 21867, 41609]
allGenerateArray:[21875689, 8647592, 839230, 1254263, 692894, 3085765, 3493731, 2240528, 812778, 5521641, 859326, 3333656, 4538543, 5120703, 1685869, 2642520, 15931254, 15516230, 391757, 42314, 1136494, 157971, 21391191, 710875, 200995, 919979, 785633, 10136002, 221094, 550790]
allExecuteArray:[12327152, 1937628, 221088, 305019, 278567, 1394956, 435133, 384701, 1478172, 1003565, 210157, 471793, 475681, 300435, 283506, 492599, 313477, 76518, 91683, 14458, 351549, 43023, 21876023, 129060, 34561, 242247, 113541, 962645, 68057, 108253]
averageF:17.0
averageT:99.0
averagefirstSelete:182632.0
averagefirstGenerate:1105079.0
averagefirstExecute:579656.0
averageallSelete:289228.0
averageallGenerate:4491243.0
averageallExecute:1547508.0
