F:[1, 1, 5, 1, 1, 10, 4, 4, 6, 1, 6, 1, 11, 3, 11, 1, 5, 2, 5, 10, 1, 4, 1, 1, 7, 2, 8, 3, 9, 3, 3, 1, 10, 5, 6, 3, 9, 3, 5, 3, 2, 4, 5, 2, 4, 10, 1, 8, 8, 5, 9, 2, 2, 4, 2, 2, 16, 3, 1, 7, 2, 1, 4, 2, 12, 1, 5, 5, 2, 3, 9, 2, 10, 1, 4, 1, 18, 23, 8, 1, 1, 6, 10, 6, 16, 3, 5, 3, 2, 13, 2, 2, 5, 1, 3, 6, 14, 4, 1, 2]
T:[1, 1, 5, 1, 1, 10, 4, 4, 6, 1, 6, 1, 11, 3, 11, 1, 5, 2, 5, 10, 1, 4, 1, 1, 7, 2, 8, 3, 9, 3, 3, 1, 10, 5, 6, 3, 9, 3, 5, 3, 2, 4, 5, 2, 4, 10, 1, 8, 8, 5, 9, 2, 2, 4, 2, 2, 16, 3, 1, 7, 2, 1, 4, 2, 12, 1, 5, 5, 2, 3, 9, 2, 10, 1, 4, 1, 18, 23, 8, 1, 1, 6, 10, 6, 16, 3, 5, 3, 2, 13, 2, 2, 5, 1, 3, 6, 14, 4, 1, 2]
firstSeleteArray:[529277, 3879, 21509, 7758, 7053, 28915, 17984, 11284, 15867, 3526, 54304, 4231, 23274, 7053, 13400, 1763, 6346, 2116, 5643, 10223, 1058, 3175, 1763, 1411, 8463, 3174, 8462, 4583, 13399, 3174, 4231, 1763, 14807, 4584, 7054, 3173, 9873, 3526, 6700, 5289, 2821, 6347, 5642, 2822, 29621, 10580, 2468, 7051, 64529, 7405, 11987, 2468, 2116, 9872, 2116, 1763, 16926, 7051, 1411, 9169, 4584, 1410, 4583, 7758, 19750, 3174, 6700, 7759, 2116, 3173, 15164, 5641, 15868, 2115, 6348, 1763, 22212, 48307, 3880, 705, 706, 3525, 10223, 2467, 6347, 1763, 2822, 1059, 1058, 4938, 353, 1058, 2468, 705, 1411, 2468, 7404, 1410, 353, 1411]
firstGenerateArray:[2790255, 156562, 8231129, 204165, 145983, 3957414, 450644, 568419, 741201, 256000, 1416813, 87096, 1143536, 340981, 2591733, 91328, 315945, 118832, 294436, 587458, 39140, 120242, 122006, 326171, 444650, 107196, 401277, 7528367, 4633028, 160440, 142459, 45488, 347327, 124474, 390348, 83217, 361786, 131526, 211921, 122358, 69818, 124120, 149509, 218269, 190413, 296903, 38083, 11978035, 277861, 1499679, 1653421, 71935, 65587, 162203, 59944, 54656, 1570908, 875899, 51482, 257764, 69113, 21862, 87447, 73696, 334986, 27152, 117068, 111426, 54655, 76518, 346268, 45840, 249655, 22920, 86391, 24683, 336748, 498601, 186532, 25741, 33851, 126589, 489432, 167493, 566655, 68760, 69112, 52539, 40904, 282095, 19394, 456990, 121652, 22567, 54304, 123063, 290201, 38436, 19394, 32793]
firstExecuteArray:[73697, 15868, 105079, 3357969, 86038, 133291, 41256, 42667, 73345, 18689, 134698, 18336, 128355, 29620, 121651, 14105, 59943, 22215, 104021, 107551, 8110, 25388, 11989, 15515, 94502, 120595, 77928, 49718, 1054324, 31735, 31382, 16221, 100848, 31030, 87449, 18689, 287385, 31031, 53598, 35262, 24683, 41608, 43020, 85685, 34557, 83216, 10578, 58534, 74402, 133289, 98378, 19746, 21157, 42667, 14810, 11988, 172429, 690423, 9873, 77577, 30325, 9521, 41962, 34556, 137872, 14810, 117069, 61002, 30325, 60299, 101906, 60651, 107194, 7757, 20100, 6700, 69467, 131882, 58183, 8110, 6700, 30324, 68759, 37378, 97676, 17983, 20452, 10226, 8110, 61711, 5641, 17984, 30325, 7053, 10930, 31736, 50072, 9873, 6347, 8462]
allSeleteArray:[529277, 3879, 21509, 7758, 7053, 28915, 17984, 11284, 15867, 3526, 54304, 4231, 23274, 7053, 13400, 1763, 6346, 2116, 5643, 10223, 1058, 3175, 1763, 1411, 8463, 3174, 8462, 4583, 13399, 3174, 4231, 1763, 14807, 4584, 7054, 3173, 9873, 3526, 6700, 5289, 2821, 6347, 5642, 2822, 29621, 10580, 2468, 7051, 64529, 7405, 11987, 2468, 2116, 9872, 2116, 1763, 16926, 7051, 1411, 9169, 4584, 1410, 4583, 7758, 19750, 3174, 6700, 7759, 2116, 3173, 15164, 5641, 15868, 2115, 6348, 1763, 22212, 48307, 3880, 705, 706, 3525, 10223, 2467, 6347, 1763, 2822, 1059, 1058, 4938, 353, 1058, 2468, 705, 1411, 2468, 7404, 1410, 353, 1411]
allGenerateArray:[2790255, 156562, 8231129, 204165, 145983, 3957414, 450644, 568419, 741201, 256000, 1416813, 87096, 1143536, 340981, 2591733, 91328, 315945, 118832, 294436, 587458, 39140, 120242, 122006, 326171, 444650, 107196, 401277, 7528367, 4633028, 160440, 142459, 45488, 347327, 124474, 390348, 83217, 361786, 131526, 211921, 122358, 69818, 124120, 149509, 218269, 190413, 296903, 38083, 11978035, 277861, 1499679, 1653421, 71935, 65587, 162203, 59944, 54656, 1570908, 875899, 51482, 257764, 69113, 21862, 87447, 73696, 334986, 27152, 117068, 111426, 54655, 76518, 346268, 45840, 249655, 22920, 86391, 24683, 336748, 498601, 186532, 25741, 33851, 126589, 489432, 167493, 566655, 68760, 69112, 52539, 40904, 282095, 19394, 456990, 121652, 22567, 54304, 123063, 290201, 38436, 19394, 32793]
allExecuteArray:[73697, 15868, 105079, 3357969, 86038, 133291, 41256, 42667, 73345, 18689, 134698, 18336, 128355, 29620, 121651, 14105, 59943, 22215, 104021, 107551, 8110, 25388, 11989, 15515, 94502, 120595, 77928, 49718, 1054324, 31735, 31382, 16221, 100848, 31030, 87449, 18689, 287385, 31031, 53598, 35262, 24683, 41608, 43020, 85685, 34557, 83216, 10578, 58534, 74402, 133289, 98378, 19746, 21157, 42667, 14810, 11988, 172429, 690423, 9873, 77577, 30325, 9521, 41962, 34556, 137872, 14810, 117069, 61002, 30325, 60299, 101906, 60651, 107194, 7757, 20100, 6700, 69467, 131882, 58183, 8110, 6700, 30324, 68759, 37378, 97676, 17983, 20452, 10226, 8110, 61711, 5641, 17984, 30325, 7053, 10930, 31736, 50072, 9873, 6347, 8462]
averageF:4.0
averageT:4.0
averagefirstSelete:13261.0
averagefirstGenerate:658733.0
averagefirstExecute:102671.0
averageallSelete:13261.0
averageallGenerate:658733.0
averageallExecute:102671.0
