F:[3, 5, 3, 16, 6, 3, 1, 17, 4, 7, 12, 5, 17, 7, 9, 3, 8, 2, 1, 2, 4, 7, 13, 4, 2, 2, 2, 1, 2, 2]
T:[3, 5, 3, 16, 6, 3, 1, 17, 4, 7, 12, 5, 17, 7, 9, 3, 8, 2, 1, 2, 4, 7, 13, 4, 2, 2, 2, 1, 2, 2]
firstSeleteArray:[404806, 4060391, 19747, 112486, 26800, 11988, 6347, 58888, 16220, 35969, 42314, 13752, 72994, 19745, 29268, 11989, 1001433, 5995, 2116, 3527, 5993, 13398, 23625, 9873, 3878, 4583, 4231, 3879, 3880, 3880]
firstGenerateArray:[4507157, 770821, 425609, 2035661, 678083, 278568, 93444, 1276830, 355086, 764123, 1071253, 191823, 8920162, 771527, 692189, 143161, 428784, 1245799, 69113, 120243, 196054, 401277, 468981, 145631, 65939, 211570, 65940, 55713, 59240, 68055]
firstExecuteArray:[167847, 3382308, 113543, 139989, 42668, 28562, 8463, 238370, 31736, 129763, 96619, 56067, 129055, 45840, 61358, 21510, 393169, 20452, 8110, 13399, 25742, 45136, 80752, 27504, 13048, 21156, 13400, 8463, 12695, 15867]
allSeleteArray:[404806, 4060391, 19747, 112486, 26800, 11988, 6347, 58888, 16220, 35969, 42314, 13752, 72994, 19745, 29268, 11989, 1001433, 5995, 2116, 3527, 5993, 13398, 23625, 9873, 3878, 4583, 4231, 3879, 3880, 3880]
allGenerateArray:[4507157, 770821, 425609, 2035661, 678083, 278568, 93444, 1276830, 355086, 764123, 1071253, 191823, 8920162, 771527, 692189, 143161, 428784, 1245799, 69113, 120243, 196054, 401277, 468981, 145631, 65939, 211570, 65940, 55713, 59240, 68055]
allExecuteArray:[167847, 3382308, 113543, 139989, 42668, 28562, 8463, 238370, 31736, 129763, 96619, 56067, 129055, 45840, 61358, 21510, 393169, 20452, 8110, 13399, 25742, 45136, 80752, 27504, 13048, 21156, 13400, 8463, 12695, 15867]
averageF:5.0
averageT:5.0
averagefirstSelete:201133.0
averagefirstGenerate:885927.0
averagefirstExecute:179753.0
averageallSelete:201133.0
averageallGenerate:885927.0
averageallExecute:179753.0
