F:[44, 5, 4, 4, 6, 3, 11, 16, 22, 4, 5, 2, 2, 1, 2, 19, 15, 3, 7, 33, 4, 5, 6, 5, 35, 40, 25, 7, 4, 4]
T:[44, 5, 4, 4, 6, 3, 11, 16, 22, 4, 5, 2, 2, 1, 2, 19, 15, 3, 7, 33, 4, 5, 6, 5, 35, 40, 25, 7, 4, 4]
firstSeleteArray:[537985, 110051, 53029, 47898, 59300, 34497, 112900, 165930, 247181, 37917, 49891, 23379, 17392, 6273, 17676, 264006, 158804, 26231, 68141, 350959, 44761, 46471, 58445, 47611, 480678, 636632, 398003, 110618, 57304, 56164]
firstGenerateArray:[236066, 21384, 16821, 16536, 24804, 13115, 41912, 61583, 90093, 16535, 20242, 9123, 8553, 4847, 9123, 81541, 56167, 12830, 27086, 121456, 20814, 21383, 23662, 20526, 214114, 283961, 181040, 51602, 28225, 28794]
firstExecuteArray:[28792, 3991, 2280, 1996, 3136, 1426, 3707, 6274, 9411, 1710, 1710, 1141, 1426, 570, 1425, 8551, 5131, 1996, 3137, 11689, 2565, 2280, 2565, 2282, 24229, 33643, 21668, 5987, 3421, 3136]
allSeleteArray:[537985, 110051, 53029, 47898, 59300, 34497, 112900, 165930, 247181, 37917, 49891, 23379, 17392, 6273, 17676, 264006, 158804, 26231, 68141, 350959, 44761, 46471, 58445, 47611, 480678, 636632, 398003, 110618, 57304, 56164]
allGenerateArray:[236066, 21384, 16821, 16536, 24804, 13115, 41912, 61583, 90093, 16535, 20242, 9123, 8553, 4847, 9123, 81541, 56167, 12830, 27086, 121456, 20814, 21383, 23662, 20526, 214114, 283961, 181040, 51602, 28225, 28794]
allExecuteArray:[28792, 3991, 2280, 1996, 3136, 1426, 3707, 6274, 9411, 1710, 1710, 1141, 1426, 570, 1425, 8551, 5131, 1996, 3137, 11689, 2565, 2280, 2565, 2282, 24229, 33643, 21668, 5987, 3421, 3136]
averageF:11.0
averageT:11.0
averagefirstSelete:144204.0
averagefirstGenerate:58797.0
averagefirstExecute:6709.0
averageallSelete:144204.0
averageallGenerate:58797.0
averageallExecute:6709.0