F:[3, 4, 9, 7, 5, 4, 16, 8, 6, 5, 2, 14, 1, 5, 1, 1, 17, 1, 10, 3, 6, 1, 17, 2, 2, 8, 10, 5, 10, 5]
T:[743, 606, 435, 916, 547, 434, 920, 844, 655, 593, 723, 743, 564, 463, 388, 654, 620, 754, 790, 749, 433, 438, 370, 337, 882, 628, 879, 696, 343, 351]
firstSeleteArray:[17391, 15965, 32786, 27084, 19386, 15966, 98359, 29935, 26514, 21381, 8553, 58163, 4562, 19102, 6842, 17961, 70706, 4847, 35352, 12261, 21668, 4562, 66999, 8553, 9694, 28225, 35923, 19101, 35352, 19101]
firstGenerateArray:[129720, 168496, 1001843, 306479, 179323, 159943, 1083964, 297079, 228656, 226657, 56732, 574476, 9123, 170489, 10548, 11689, 723588, 31363, 479257, 120597, 221812, 37347, 728156, 55311, 61867, 325009, 416248, 213825, 399429, 246904]
firstExecuteArray:[31079, 25375, 50468, 43906, 29658, 29937, 132288, 48465, 43331, 37350, 17107, 70133, 3135, 29935, 5132, 13970, 95795, 11117, 57877, 24805, 35928, 12831, 92657, 13684, 13967, 43627, 55885, 33076, 72133, 35635]
allSeleteArray:[2537968, 2228353, 1466276, 3041467, 1883096, 1522721, 3165193, 2884946, 2424485, 2005684, 2452439, 2522027, 1884237, 1625930, 1303773, 2234928, 2176466, 2568197, 2720996, 2501201, 1482241, 1449173, 1221373, 1132992, 2935968, 2077537, 2918295, 2409122, 1185162, 1228215]
allGenerateArray:[5665806, 7668645, 6794807, 7789851, 5052857, 5682071, 9435447, 7448599, 6310190, 7249529, 6565061, 9715695, 3353339, 8212073, 5816652, 8931093, 8117943, 5709470, 7076227, 7481404, 5367883, 4391719, 6274828, 4199826, 7162591, 5669244, 7754766, 5680340, 4378318, 6317027]
allExecuteArray:[485265, 802585, 595880, 714173, 479276, 535152, 860706, 677383, 550509, 671431, 686230, 943675, 305636, 783738, 520581, 837061, 764369, 511756, 606715, 739821, 492665, 410815, 596990, 398561, 663151, 504070, 710489, 526874, 433066, 608977]
averageF:6.0
averageT:616.0
averagefirstSelete:26409.0
averagefirstGenerate:289197.0
averagefirstExecute:40342.0
averageallSelete:2106348.0
averageallGenerate:6575776.0
averageallExecute:613920.0

