F:[1, 3, 4, 3, 8, 2, 3, 6, 3, 12, 20, 1, 10, 5, 1, 9, 4, 27, 6, 2, 4, 2, 6, 5, 15, 1, 1, 16, 1, 9]
T:[1, 3, 4, 3, 8, 2, 3, 6, 3, 12, 20, 1, 10, 5, 1, 9, 4, 27, 6, 2, 4, 2, 6, 5, 15, 1, 1, 16, 1, 9]
firstSeleteArray:[17961, 81824, 96363, 70135, 211546, 41055, 80685, 153386, 181610, 208125, 363221, 10264, 170490, 90092, 7698, 204987, 109194, 695652, 97789, 47327, 120313, 47328, 210407, 127725, 415394, 15966, 9408, 362081, 11689, 204703]
firstGenerateArray:[33642, 79257, 66430, 49893, 130288, 33072, 54170, 95223, 48183, 109767, 195579, 9693, 91802, 55594, 10833, 118315, 74127, 342403, 54171, 64149, 82680, 33927, 104063, 76978, 246614, 14255, 14255, 196722, 14255, 127727]
firstExecuteArray:[13685, 14256, 16820, 13400, 33074, 9979, 13399, 25091, 13115, 23375, 44189, 3136, 20530, 12545, 3136, 27370, 17678, 78693, 12258, 8838, 20812, 9979, 25946, 19956, 57878, 4847, 4847, 57589, 4847, 33642]
allSeleteArray:[17961, 81824, 96363, 70135, 211546, 41055, 80685, 153386, 181610, 208125, 363221, 10264, 170490, 90092, 7698, 204987, 109194, 695652, 97789, 47327, 120313, 47328, 210407, 127725, 415394, 15966, 9408, 362081, 11689, 204703]
allGenerateArray:[33642, 79257, 66430, 49893, 130288, 33072, 54170, 95223, 48183, 109767, 195579, 9693, 91802, 55594, 10833, 118315, 74127, 342403, 54171, 64149, 82680, 33927, 104063, 76978, 246614, 14255, 14255, 196722, 14255, 127727]
allExecuteArray:[13685, 14256, 16820, 13400, 33074, 9979, 13399, 25091, 13115, 23375, 44189, 3136, 20530, 12545, 3136, 27370, 17678, 78693, 12258, 8838, 20812, 9979, 25946, 19956, 57878, 4847, 4847, 57589, 4847, 33642]
averageF:6.0
averageT:6.0
averagefirstSelete:148813.0
averagefirstGenerate:87602.0
averagefirstExecute:21497.0
averageallSelete:148813.0
averageallGenerate:87602.0
averageallExecute:21497.0