F:[10, 11, 2, 3, 15, 2, 16, 24, 3, 5, 2, 24, 12, 42, 3, 7, 15, 18, 8, 19, 36, 15, 18, 10, 5, 13, 97, 26, 29, 28]
T:[133, 106, 26, 128, 158, 28, 64, 248, 251, 52, 119, 37, 114, 106, 26, 170, 43, 86, 263, 115, 94, 142, 365, 22, 63, 80, 178, 125, 72, 79]
firstSeleteArray:[71275, 63576, 22523, 13400, 65572, 11119, 74124, 120027, 14255, 22239, 8838, 139129, 55595, 214109, 27369, 49609, 139131, 139980, 123164, 97508, 169925, 110620, 130861, 60728, 25089, 63578, 467563, 118604, 126300, 152245]
firstGenerateArray:[113752, 103206, 41626, 17390, 119745, 10833, 187886, 356660, 17677, 52175, 9978, 361509, 210406, 557090, 39914, 56166, 207839, 409970, 169065, 259155, 398003, 192733, 293939, 143977, 32216, 152526, 1666427, 313331, 327578, 244332]
firstExecuteArray:[10551, 9692, 1710, 2852, 13968, 2851, 14822, 19960, 2850, 5132, 1996, 21095, 10551, 36493, 3136, 6554, 27936, 35070, 19959, 17675, 31646, 40482, 34500, 11971, 4274, 21383, 83812, 32785, 27657, 23667]
allSeleteArray:[610973, 474977, 123730, 561085, 749525, 126016, 351243, 1153244, 1119024, 238062, 531710, 207838, 523444, 495786, 131429, 1206844, 347830, 744675, 1913878, 554518, 500644, 1057161, 2526855, 125163, 334427, 403411, 833054, 560518, 306197, 375478]
allGenerateArray:[676255, 472982, 200994, 478682, 739841, 191303, 575628, 1182608, 1089666, 386311, 804845, 474979, 664569, 869564, 152528, 978466, 346112, 965058, 1619102, 766352, 709339, 1181467, 2244308, 202422, 399431, 407695, 2172768, 747544, 521734, 545973]
allExecuteArray:[41630, 32782, 13973, 43055, 50461, 13114, 36205, 74126, 68704, 28512, 56163, 26225, 35362, 51602, 10550, 85525, 44475, 85533, 154240, 44759, 53029, 124584, 185330, 16249, 37914, 39057, 110613, 63295, 41338, 49042]
averageF:17.0
averageT:116.0
averagefirstSelete:96601.0
averagefirstGenerate:235570.0
averagefirstExecute:19234.0
averageallSelete:639624.0
averageallGenerate:758950.0
averageallExecute:57248.0